323 1264
791 1625
1000 1006
20 991
614 1536
606 1586
613 1466
399 441
334 1008
183 397
276 636
304 1197
814 1117
587 1072
779 1107
238 576
289 944
722 1184
765 1669
45 593
908 1765
641 820
309 1009
794 1165
604 1197
672 1046
123 1035
798 1684
817 1721
660 1281
372 536
650 679
647 986
717 755
361 780
170 410
901 1514
256 1071
418 1335
618 1059
3 279
935 1311
469 1088
438 1267
465 1168
341 712
508 1508
451 1340
952 1727
928 929
368 1057
14 285
836 1015
359 635
230 1057
529 844
134 522
930 1763
647 1613
590 981
182 1042
158 634
772 963
267 520
997 1498
60 103
332 744
799 1139
268 1108
725 1043
385 1077
850 935
303 1144
376 1272
627 1049
428 1390
544 1292
57 614
589 1515
762 817
143 586
745 1611
569 1278
492 890
591 1444
765 835
904 1683
811 1085
898 1607
159 1079
243 942
554 1148
490 975
610 1132
681 1274
665 1638
935 1865
561 1057
248 338
867 896
