983 300
87 489
589 425
199 240
953 248
567 329
629 414
254 182
169 162
477 74
885 470
908 138
826 210
73 232
693 139
721 134
362 88
177 39
656 428
106 85
431 271
17 477
977 498
262 373
971 181
816 84
157 498
142 336
619 317
297 170
282 308
157 483
898 297
210 375
956 65
759 442
582 300
518 165
465 83
993 208
914 431
557 360
195 340
33 83
917 342
984 344
107 124
542 475
717 216
370 50
40 35
492 196
292 68
953 22
640 352
794 106
210 76
982 59
865 56
480 248
695 98
736 91
781 360
682 328
710 129
717 211
329 317
616 283
245 72
479 385
48 408
508 324
681 100
878 479
863 306
674 344
878 288
841 217
90 346
329 210
77 491
676 50
960 387
84 145
893 224
941 280
883 322
482 107
44 329
271 215
366 344
193 322
280 392
341 42
691 155
307 25
761 183
847 307
614 155
296 144
