998868
350569
324945
175403
891289
965385
183497
62781
827549
765297
477097
530085
290624
911627
29516
948599
351777
248494
541588
547700
362218
78065
695130
179356
566129
287475
31013
87760
516641
758736
432726
764799
51567
257423
938719
106291
777064
641292
856406
715767
850578
444853
333576
470882
688169
779589
809871
228299
401766
470745
406601
486623
659082
680042
168699
421246
878541
966905
864626
420740
686674
504633
453447
387302
672684
104934
418864
832501
108939
857508
174186
328473
841838
181059
989386
64396
290879
282428
269057
779458
347319
389668
589212
245286
543779
321795
480419
530139
502262
738625
967266
139977
427565
319276
397062
794269
761853
64306
272428
570153
