4 10
0 10
0 15
7 21
3 16
6 7
5 20
13 20
4 8
3 22
18 23
11 16
7 18
18 23
11 14
1 3
16 21
3 18
1 23
0 6
15 19
14 15
3 16
17 23
6 15
6 20
6 13
14 23
3 23
15 18
9 10
15 21
7 22
3 11
6 15
11 19
12 15
11 14
12 14
5 11
5 8
3 19
0 1
3 9
3 10
5 16
5 19
1 17
6 21
12 19
12 21
13 21
9 17
6 22
3 8
7 14
3 14
6 16
7 15
0 23
0 18
11 18
6 13
6 13
2 11
4 17
4 10
13 17
16 22
7 10
2 15
15 16
13 21
0 2
18 21
12 13
3 15
17 22
4 5
6 13
16 21
13 16
18 22
10 16
3 10
15 18
9 21
14 16
2 11
15 21
18 21
11 21
11 22
0 19
15 17
13 17
11 19
16 23
2 20
1 17
