19 39 18 34 16 65 11 5 57 60 21 38 31 51 50 56 40 36 54 2 55 30 32 26 1 47 42 3 33 27 8 22 29 12 34 46 52 53 41 28 13 59 15 49 61 63 62 64 37 20 7 48 4 14 24 0 9 25 10 45 44 58 17 43 35 6 23
25 12 2 1 9 19 10 14 5 23 0 18 13 7 11 3 15 20 8 21 16 4 6 22 25 25 24
28 37 32 27 59 51 78 63 7 50 4 25 55 65 45 38 43 5 40 71 70 18 48 79 57 61 73 3 28 26 35 2 34 77 87 69 82 33 72 86 9 62 49 12 23 31 41 14 17 15 46 60 58 29 54 83 20 47 13 24 6 19 21 11 53 64 22 56 74 42 75 76 80 81 30 16 85 84 1 8 68 44 39 0 36 52 54 10 67
82 63 18 49 51 21 75 54 19 50 32 58 8 25 29 3 45 67 62 70 28 64 40 69 61 41 65 76 68 53 22 9 13 20 1 33 72 6 48 52 43 2 79 47 81 30 44 14 48 82 36 39 11 34 23 12 56 42 73 80 24 74 10 4 78 60 5 59 16 26 57 37 31 66 0 35 15 27 46 38 77 7 17 71 55
23 79 5 21 66 53 58 61 55 1 27 54 57 76 13 45 73 69 56 40 18 83 68 62 20 31 90 48 85 12 41 51 49 50 46 59 65 29 24 67 34 75 10 8 43 19 70 15 28 25 84 42 86 71 9 89 80 36 6 26 47 33 0 39 91 60 37 72 17 78 44 30 74 14 2 38 81 52 87 23 82 88 16 3 32 4 77 87 11 64 63 35 22
31 1 30 15 32 35 12 8 25 18 19 3 24 5 23 14 39 36 34 9 41 37 38 31 42 16 22 10 27 21 2 26 4 20 6 7 0 33 17 1 11 29 28 13
3 51 61 39 54 12 42 35 28 69 68 52 13 4 73 8 23 38 6 26 31 21 18 14 15 64 67 75 2 45 5 59 29 33 36 24 58 55 27 30 65 44 62 71 19 10 70 53 16 49 72 48 22 11 1 32 56 50 7 40 9 57 17 41 25 37 74 3 66 49 76 20 43 77 34 63 47 60 46
32 15 48 12 28 30 45 50 16 42 54 29 52 6 22 37 16 39 40 51 24 7 23 14 44 49 32 34 11 4 10 41 13 31 53 3 43 0 38 25 19 27 26 1 9 47 5 20 36 33 46 2 17 21 35 18
2 21 20 23 41 27 36 8 31 42 3 22 12 39 0 15 14 35 10 16 32 11 29 24 18 7 26 25 40 37 13 19 26 17 4 5 9 33 34 38 1 28 2 30
16 15 21 25 1 9 4 3 5 22 24 16 13 13 23 14 12 10 11 6 7 19 8 17 2 18 0
76 68 40 14 3 12 69 57 45 6 11 64 1 24 9 22 44 80 43 5 38 21 23 18 78 81 67 55 62 4 82 35 86 72 34 54 84 0 2 73 79 27 31 20 47 51 41 19 30 8 16 42 10 26 53 50 28 52 37 63 85 48 13 75 25 71 70 59 29 56 87 58 32 74 17 83 49 65 36 66 39 61 60 83 77 15 33 76 46
10 11 2 9 2 5 10 4 8 0 13 7 3 1 6
45 47 39 23 9 72 70 6 36 1 21 4 15 52 59 29 30 31 51 68 22 50 55 11 43 24 7 37 14 44 38 12 0 74 3 28 5 57 17 39 73 41 65 32 56 2 67 58 69 10 53 76 46 42 34 13 75 60 25 40 8 45 35 19 16 27 71 48 49 54 18 33 64 63 61 62 20 66 77
39 61 36 41 49 50 72 51 37 40 44 16 65 4 20 73 58 6 14 3 0 53 62 2 64 75 26 46 38 29 34 10 81 18 39 57 66 13 24 7 55 43 19 25 45 56 9 70 21 42 52 48 26 12 82 71 28 15 33 8 27 80 22 47 1 35 23 11 63 60 59 68 74 30 78 67 79 54 77 76 17 69 31 5
36 19 23 22 30 35 10 24 12 45 41 44 4 38 20 14 46 5 31 29 39 47 9 13 1 7 21 26 28 40 16 37 0 32 42 43 36 34 6 17 27 11 2 33 28 18 15 25 8
38 53 6 52 24 18 59 54 9 13 62 23 60 61 58 31 48 22 47 65 28 35 51 38 26 36 12 30 15 66 55 57 41 19 43 56 42 34 16 20 17 10 46 43 1 32 0 37 40 8 2 3 4 7 14 63 45 21 25 29 5 44 50 33 49 11 39 27
57 4 50 53 15 41 62 43 8 16 3 33 18 47 58 9 63 20 67 52 5 6 64 59 13 25 11 55 19 36 40 28 60 48 32 17 31 57 49 56 39 14 61 0 51 30 46 66 54 27 42 22 10 37 2 45 23 38 7 44 24 35 29 65 64 1 12 21 34
4 10 20 34 81 82 43 69 85 9 14 58 56 42 78 29 70 23 8 37 15 39 1 28 74 83 84 30 18 61 22 38 67 11 24 52 13 49 36 26 62 35 68 12 7 75 41 50 73 76 60 4 0 66 6 51 65 55 53 2 48 80 3 46 59 31 45 5 32 16 57 77 19 63 40 21 47 72 44 9 71 25 54 17 79 33 27
49 21 22 2 31 0 45 11 24 52 35 3 41 42 50 18 10 28 46 33 27 34 40 49 43 47 36 44 39 38 12 29 19 51 6 23 9 1 30 13 15 25 4 53 14 5 32 7 26 16 8 17 48 53 20
2 4 7 1 17 0 11 16 3 12 18 14 13 10 6 8 5 2 15 19
56 12 64 25 84 31 82 71 8 10 59 42 48 60 54 15 3 79 20 49 24 33 55 75 38 72 21 44 30 56 36 74 76 22 51 0 58 52 27 62 2 81 78 29 5 40 35 37 70 32 67 46 15 17 39 28 43 6 63 1 14 53 80 73 45 61 77 41 9 83 34 18 69 7 13 57 16 65 4 50 47 19 68 66 11 26
7 8 2 6 0 3 6 11 10 4 1 7 5
29 20 31 24 9 28 2 19 33 39 42 15 25 18 36 5 32 17 22 12 11 13 29 35 34 40 16 23 21 14 1 27 0 44 41 30 10 37 43 3 6 7 37 38 26 8
30 69 24 15 57 65 40 13 35 74 34 49 64 31 26 16 37 73 20 19 4 62 78 66 14 39 56 67 29 3 0 11 59 19 44 45 50 75 36 72 17 33 21 41 18 53 70 51 61 43 48 46 60 2 71 25 68 58 55 77 42 12 54 79 7 28 32 23 63 8 22 5 47 27 52 38 1 6 10 30 9
21 15 29 40 1 10 33 24 22 9 35 2 18 4 42 5 39 20 6 32 19 25 34 12 36 41 7 30 38 27 8 9 3 37 11 17 14 23 21 31 28 26 13 16
11 28 25 37 26 32 23 45 10 16 40 7 21 22 24 18 38 29 8 0 36 14 15 35 27 44 12 11 5 34 9 4 17 43 2 39 42 30 33 6 1 13 41 3 44 19 31
6 5 15 14 17 11 12 18 10 8 7 3 0 6 2 15 4 1 9 13
15 8 19 3 22 24 10 18 4 6 28 29 0 12 36 15 38 33 2 14 31 26 16 1 25 11 9 35 27 29 30 21 7 13 5 32 20 37 17 23
4 34 16 3 5 31 0 1 12 37 6 23 10 29 15 14 38 33 13 28 4 39 26 35 8 24 25 21 28 22 7 9 27 18 2 19 36 32 20 11 17 30
39 11 42 4 38 37 23 10 21 25 40 16 44 32 17 14 16 7 19 5 30 6 3 34 15 41 28 31 29 20 13 24 0 12 39 45 9 43 18 22 35 8 33 2 36 27 1
90 17 31 8 19 73 47 23 43 74 82 3 68 87 26 15 33 11 6 67 20 57 14 65 76 48 91 89 28 27 79 63 15 44 29 0 61 66 85 7 62 52 21 88 22 41 75 30 56 78 35 12 1 69 24 42 46 40 32 37 86 55 92 51 2 36 81 50 70 58 80 83 16 9 84 90 10 49 45 72 34 13 53 64 25 77 60 39 4 5 38 71 59 18
5 67 57 54 18 44 70 41 75 50 69 21 55 80 28 61 52 31 35 17 81 58 65 40 22 20 46 84 30 83 10 8 15 72 23 36 51 74 85 63 49 87 78 66 34 27 11 38 24 3 64 86 82 25 13 4 47 76 39 59 48 9 60 33 7 79 0 32 16 73 89 77 71 42 53 68 5 1 56 19 14 59 43 45 26 88 37 29 6 2 62
77 61 36 82 13 46 58 28 16 47 66 19 37 65 20 53 57 44 52 15 22 63 76 62 68 50 24 78 31 81 73 74 2 41 77 80 36 51 43 67 30 48 25 60 7 56 69 26 18 45 9 54 35 72 38 6 8 4 33 29 12 71 5 70 79 10 40 17 64 14 49 27 34 3 42 11 59 39 75 32 55 1 21 23
1 25 79 4 43 0 6 41 64 87 30 55 56 80 12 51 95 19 67 9 42 72 20 57 48 2 11 3 65 37 49 73 78 71 1 68 82 39 97 75 54 93 61 50 77 6 47 91 69 28 33 84 24 38 40 70 88 94 44 7 62 23 46 18 81 32 27 76 85 89 13 31 90 92 16 35 34 45 83 15 8 86 52 21 14 59 63 5 66 74 22 36 58 17 60 29 10 96 53
18 1 10 21 7 8 16 4 3 11 2 15 20 9 17 13 16 24 19 25 6 12 0 22 5 18 14
29 16 37 48 3 24 30 26 25 53 9 33 29 32 43 4 41 2 19 34 51 28 45 31 12 47 46 38 20 52 0 6 17 13 34 15 18 11 22 8 5 49 10 23 39 44 50 21 42 36 1 27 40 14 7
64 82 43 50 57 79 66 24 63 80 10 14 0 58 71 15 70 18 64 29 41 60 22 23 65 69 54 77 74 32 30 16 44 42 9 68 40 30 35 3 67 52 4 61 11 46 53 6 7 59 26 13 48 19 73 56 27 76 72 17 62 8 5 78 39 55 81 37 33 1 49 25 83 31 51 45 21 28 20 38 36 2 75 47 12 84
6 55 15 0 36 19 28 1 18 32 43 47 38 51 3 39 35 31 25 5 57 22 26 45 42 11 7 41 14 9 34 44 56 10 21 50 29 33 48 46 54 52 12 37 24 4 8 40 49 20 6 30 2 16 54 13 17 27 58 23
71 54 3 65 5 10 48 72 34 30 28 1 57 6 79 21 12 29 74 24 69 80 27 15 88 81 83 56 43 55 2 39 85 71 37 38 87 46 25 8 62 70 58 41 90 63 84 23 19 60 18 36 77 49 78 59 20 52 7 50 4 82 32 17 89 51 45 64 68 86 11 42 35 9 53 33 0 67 91 13 75 40 73 66 84 44 31 16 22 26 47 76 61
55 28 6 46 4 5 11 41 17 31 47 27 48 4 32 61 19 30 38 18 42 55 58 16 49 2 34 36 33 3 0 52 29 22 62 65 25 45 13 51 1 7 14 60 39 35 26 15 37 53 10 44 57 64 8 59 24 23 54 20 56 63 21 40 50 12 9
2 24 22 29 33 36 25 4 50 10 15 0 31 32 26 51 23 12 27 46 18 7 28 37 49 13 47 39 30 16 48 21 17 19 40 42 41 37 2 11 8 44 35 3 20 45 9 1 34 5 14 43 38
1 1
9 5 16 37 38 43 47 11 53 55 6 7 28 54 50 49 10 41 21 1 3 36 23 40 26 32 4 8 24 9 12 14 18 22 31 44 39 42 35 34 46 25 42 30 19 13 2 52 17 15 51 20 48 45 0 29 33
60 64 0 19 38 30 40 45 47 6 43 52 24 5 48 9 59 70 3 25 51 42 44 67 20 14 53 33 73 10 2 8 29 60 57 63 69 18 21 66 61 31 32 71 13 39 28 4 34 65 23 22 12 56 54 41 62 50 17 68 46 58 75 1 76 27 36 16 7 72 74 49 26 35 37 11 15 77
18 13 17 18 0 10 12 9 15 6 2 3 7 8 5 16 16 1 14 4
9 10 16 9 14 11 0 5 12 13 7 3 2 8 6 4 16 15
44 14 54 51 58 5 27 76 57 16 42 39 20 66 11 35 41 34 17 50 46 70 61 45 23 2 82 40 69 74 49 22 59 13 48 52 37 28 3 84 75 60 71 18 64 26 56 33 10 12 29 65 73 44 47 7 67 38 6 68 5 19 8 53 36 32 81 55 72 79 77 31 21 25 0 43 63 62 9 1 78 24 80 30 83 4
27 20 2 24 10 17 0 22 4 7 23 5 16 27 21 15 31 25 14 29 3 28 11 18 30 26 13 33 6 12 2 9 32 8 1
8 2 6 1 4 3 0 7 7
49 1 48 35 23 44 45 18 32 8 28 41 11 37 15 36 16 12 43 5 47 34 9 20 42 2 24 30 40 19 7 31 29 25 27 0 39 10 13 4 17 22 6 33 14 3 46 47 21 26
34 21 7 14 20 4 34 32 23 9 8 30 33 10 26 11 18 1 12 17 27 28 15 2 25 3 0 6 29 13 16 5 9 19 22 31 35
27 1 20 6 8 21 11 13 24 7 9 18 1 27 19 5 15 22 16 4 14 0 26 28 12 2 23 3 25 17
7 6 2 3 0 1 2 4
35 30 32 45 79 50 78 41 4 53 49 18 33 61 13 71 56 77 52 48 64 60 39 72 70 80 35 75 67 38 19 54 55 40 51 57 5 59 76 65 24 43 31 74 8 23 1 21 11 42 44 22 62 37 63 20 73 47 36 17 26 34 27 63 66 7 3 68 0 69 10 58 2 29 6 46 12 16 15 25 28 14
27 25 34 54 46 9 37 6 33 52 0 44 13 39 27 57 32 55 26 5 48 22 40 8 43 25 3 21 47 31 4 45 14 41 1 16 29 50 2 20 18 35 15 42 19 10 7 30 56 11 36 58 24 28 17 53 38 12 49 51
18 43 34 29 2 14 3 44 15 25 9 37 4 45 11 33 26 16 8 19 22 12 6 23 21 10 7 20 38 31 17 46 0 35 18 36 1 24 38 41 30 39 28 27 5 13 40 42
3 9 8 1 12 16 4 14 11 13 15 18 7 17 2 5 0 10 6 3 20
8 1 6 0 7 4 5 9 1 8 2
6 1 0 5 6 5 4 3
13 47 27 17 4 8 22 19 4 21 50 46 38 5 51 52 37 39 33 49 9 13 54 23 42 41 43 25 1 34 14 20 6 29 48 40 30 28 53 12 18 26 44 55 35 61 58 2 16 62 57 60 24 10 32 45 11 59 56 31 3 36 7 15
36 17 40 9 36 20 12 1 33 10 35 4 38 8 39 24 0 30 3 29 21 26 11 18 15 2 31 27 14 13 27 28 5 19 23 6 25 22 34 7 16 37
18 54 37 63 22 33 4 5 9 26 7 39 40 59 60 15 16 42 19 31 62 10 21 38 53 30 2 34 25 17 45 49 32 57 50 52 15 41 36 55 46 28 48 18 43 61 35 3 6 20 29 11 44 47 13 27 8 24 56 12 23 1 51 0 14 58
17 10 11 6 14 5 12 7 16 13 0 7 8 2 1 9 3 4
1 1 2 2 4 0
1 8 15 25 18 6 16 11 20 19 14 21 2 0 23 13 12 22 17 19 5 24 9 1 4 7 3
2 3 0 2 4
6 8 9 6 15 20 11 1 5 16 0 23 7 3 13 22 16 19 12 4 2 17 10 14 21 24
1 0 2
72 61 2 19 14 55 67 53 59 50 32 60 70 34 9 48 5 49 21 6 13 39 63 31 18 72 36 64 41 65 8 4 11 58 27 43 25 20 29 24 3 0 68 1 26 56 54 52 12 7 17 45 28 35 33 10 38 15 23 62 69 71 51 47 40 16 46 37 68 42 57 30 66 22
6 17 27 47 37 22 0 23 11 48 14 4 3 16 10 34 20 35 6 41 52 32 7 31 26 13 12 21 43 33 40 36 25 51 19 9 29 5 50 46 2 8 1 45 18 45 24 49 15 38 30 39 42 44
26 24 8 11 5 12 19 21 4 22 7 25 1 10 20 9 0 18 3 14 13 21 16 17 6 2 15
5 2 0 3 1 4
3 2 2 0 1
19 20 8 21 3 24 12 17 4 1 27 18 12 10 30 23 0 31 14 16 7 5 19 11 28 13 26 6 22 9 2 29 15
12 13 5 7 6 22 2 18 17 21 9 25 19 24 1 10 8 4 16 15 23 11 14 0 12 3 26
19 5 17 8 43 39 14 21 33 12 34 27 26 6 10 37 41 17 46 19 31 2 38 18 45 25 30 24 42 1 3 40 20 4 48 36 15 9 11 47 44 49 29 23 35 0 28 32 13 22 7
37 61 60 68 28 72 77 7 19 32 16 81 67 45 8 65 84 41 36 13 18 24 30 48 0 22 73 37 21 75 80 87 62 26 29 56 42 12 5 31 85 4 20 46 53 10 3 44 11 23 38 33 71 53 63 34 55 88 15 6 9 83 25 74 2 50 14 27 47 79 64 43 49 82 58 57 54 35 52 69 86 59 1 70 66 40 39 78 51 76
86 89 33 54 4 32 26 49 90 77 28 76 45 58 20 43 81 18 63 38 73 23 40 52 87 16 60 80 92 13 9 37 85 65 7 82 75 50 64 56 74 62 34 86 59 8 5 57 10 88 36 41 21 39 4 48 30 11 83 69 47 78 71 15 19 22 31 61 17 1 29 53 93 3 42 44 70 2 0 94 46 51 24 72 6 67 66 27 12 14 55 79 25 68 35 91
60 1 13 54 58 25 20 28 34 38 60 14 23 21 15 18 40 37 46 43 31 8 47 55 45 2 63 6 30 41 44 42 24 26 59 36 50 35 48 56 33 3 1 4 19 29 9 0 51 11 39 5 49 17 12 52 27 16 57 22 32 62 53 7 61
39 21 85 62 64 63 78 38 9 43 53 37 82 36 33 73 8 48 42 35 24 45 77 46 54 19 74 56 32 22 79 7 75 30 70 76 26 28 80 69 23 44 72 11 17 58 14 51 65 20 12 51 52 15 60 10 18 83 34 66 41 40 39 25 61 71 67 27 31 84 2 6 1 5 68 55 0 47 29 59 4 57 3 49 13 50 16
28 51 31 75 39 61 0 79 2 10 71 62 60 85 67 64 42 29 73 48 66 59 15 1 6 55 77 4 80 41 47 54 12 46 69 63 21 7 68 26 20 84 58 40 9 74 3 86 76 14 50 78 16 33 34 88 90 5 24 65 82 43 53 57 45 70 30 89 83 18 37 81 27 32 13 35 49 11 78 36 72 17 23 8 44 87 28 19 52 56 25 38
11 4 0 7 5 12 11 8 6 9 9 3 10 2
43 5 68 1 4 32 44 54 28 6 0 7 33 34 2 13 47 65 4 45 38 64 24 14 66 50 43 27 40 15 35 56 10 48 26 18 46 21 42 55 31 41 63 52 12 3 51 20 62 25 22 59 67 30 60 57 69 58 36 61 39 29 23 53 19 8 11 17 37 70 49 16
7 6 2 1 4 4 3 0
24 24 6 3 10 0 15 26 17 16 22 14 19 23 7 25 1 4 2 21 9 27 20 13 12 11 18 5 8
3 3 9 37 36 5 16 27 7 2 12 20 14 35 8 21 39 33 13 38 19 6 5 0 22 18 30 1 11 4 15 24 10 32 23 31 29 17 26 25 28
28 6 37 13 26 4 18 14 38 7 10 9 27 25 11 31 3 34 39 35 17 21 24 28 29 8 22 30 20 0 15 23 33 19 12 16 2 1 32 21 36
29 28 33 4 31 27 12 18 23 29 10 7 14 22 8 0 24 34 30 25 32 9 21 2 16 6 13 15 10 20 11 26 17 3 19 5
26 38 1 18 24 6 5 32 36 30 16 4 0 12 26 14 7 20 10 28 35 22 8 37 24 2 23 9 17 27 33 25 21 31 29 19 34 11 3 15
39 1 37 60 34 5 0 30 25 54 21 32 55 3 27 19 12 52 42 47 29 50 46 24 17 16 2 8 41 9 18 38 31 26 53 44 45 20 38 33 22 59 49 57 58 56 7 23 28 6 13 15 4 36 43 48 51 14 10 11 39 35
16 23 36 3 4 27 49 5 25 31 52 7 34 43 32 6 21 13 9 1 29 39 10 17 16 20 19 51 0 14 40 37 46 53 33 18 41 50 47 42 26 35 45 8 2 4 12 30 15 38 24 48 11 44 28
12 8 21 4 3 11 0 20 2 18 15 5 9 19 17 12 1 6 13 19 7 16 14
7 76 66 29 78 68 46 17 14 7 50 43 24 36 96 21 16 80 41 62 52 39 90 49 59 70 79 6 95 58 20 23 89 40 3 94 10 26 13 53 56 93 2 54 71 77 48 63 75 42 15 61 84 81 33 12 9 27 34 31 60 30 1 11 86 18 74 5 72 91 22 35 32 4 99 65 55 60 82 28 51 92 47 69 88 57 0 37 98 38 73 19 44 67 87 85 64 25 45 8 97
12 10 12 35 3 47 55 59 40 22 8 4 20 53 49 58 26 11 23 60 31 17 5 25 0 57 39 18 28 1 63 41 6 36 24 2 33 64 19 37 9 56 13 48 30 32 7 62 14 21 45 50 43 29 54 34 52 42 16 59 27 15 51 44 61 38
41 28 14 5 38 32 4 34 2 46 30 20 24 51 40 43 7 19 33 39 54 15 29 3 1 31 6 21 50 25 45 12 42 44 47 8 36 9 26 10 37 16 41 0 49 11 35 13 48 17 22 36 18 53 27 55 52
25 0 67 41 55 40 13 25 33 28 23 65 7 8 48 90 51 44 17 59 3 10 42 19 24 46 75 79 57 69 18 26 15 52 56 43 37 64 4 80 40 35 21 1 62 16 88 50 12 61 86 68 82 14 27 36 70 89 20 60 91 45 73 22 32 30 29 87 53 34 85 77 84 66 9 83 6 58 76 71 78 54 2 39 49 38 31 47 72 11 5 63 74
17 0 18 15 7 10 1 22 21 9 17 12 2 20 8 4 19 6 23 3 20 11 14 5 13
28 67 3 10 50 66 13 56 41 44 32 71 33 52 9 0 8 65 4 43 22 12 69 2 38 11 24 7 17 16 51 55 57 27 35 1 53 5 63 46 6 58 60 68 39 34 48 30 62 49 59 45 26 40 20 21 37 29 31 47 28 61 64 25 42 23 15 19 54 18 70 14 70
46 53 37 10 35 63 66 36 74 61 68 49 29 62 33 15 56 5 70 13 57 71 34 7 18 1 28 50 75 60 31 42 48 43 16 45 30 40 54 17 69 77 47 25 41 44 72 52 4 49 2 22 67 12 32 11 38 20 65 64 21 59 8 9 26 3 55 23 58 19 14 27 76 73 0 39 6 51 24
11 5 2 1 8 10 0 7 4 11 3 11 9
