43 33 32 29 5
50 8 8 32 37 39 31 28 24 32 16 22 4 35 38 46 47 11 9 11 11 12 24 39 39 26 7 36 23 14 20 28 10 27 3 31 26 21 22 45 3 42 26 37 40 1 42 42 49 9 45 38 7 17 13 36 9 49 34 37 19 14 42 10 13 50 35 44 7 5 35 21 13 32 17 31 37 39 22 50 25 32 44 14 4 35
16 1 18 20 49 17 48 37 4 10 7 21 3 3 25 35 23 17 39 38 11 33 9 5 6 44 24 36 38 38 38 23 46 42 42 34 41 49 47 34 30 1 40 36 44 40 26 2 36 41 4 24 9 34 12 22 21 39 39
39 19 1 25 33 18 20 30 26 48 2 5 27 18 36 40 14 33 22 25 43 42 40 36 42 8 32 27 27 18 32 14 42 12 49 33 31 47 10 47 34 21 1 14 33 13 35 14 22 16 35 42 18 7 34 50 23 41 2 16 47 13 19 34 19 25 47 41 49 45 4 9 3 34 11 3 33 27 42 16 44 8 14 14 2 35 9 8 26 32 3 4 6 11 48 41 9 4 46 23 39 24 47 46 1 17 8 46 9 22 18 17 21 24 23 24 30 36 36 30 41 36 16 38 11 12 23 9 35 13 47 42 22 43 22 19 17 29 9 27 40 35 24 14 16 22 32 3 14 33 5 12 6 40 43 4 6 50 30 45 42 8 24 9 35 3 16 40 1 36 47 15 45 18 36 14 15 24 45 16 3 19 41 17 44 21 7 32 2 48 7 31 24
10 8 25 25 9 39 25 2 17 19 45 27 35 35 16 17 27 32 32 3 17 34 19 45 4 16 24 35 25 19 12 29
16 48 25 25 36 50 20 38 49 29 44 46 27 10 33 38 3 47 19 5 40 20 47 36 31 22 6 18 2 30 19 49 32 25 13 27 26 16 1 47 28 42 40 31 33 49 19 24 29 50 38 43 1 16 8 36 46 18 8 40 49 14 6 22 30 14 29 50 2 25 35 26 1 39 40 31 29 17 22 47 28 45 32 7 1 27 38 43 7 41 7 32 31 24 4 50 47 14 30 28 3 45 6 45 45 9 41 23 42 36 21 14 50 9 19 40 18 15
40 24 29 17 25 43 50 24 9 1 22 26 7 15 35 46 47 27 32 47 15 23 12 25 50 8 32 48 11 4 6 20 19 23 12 40 31 36 22 37 36 14 28 3 28 1 22 10 15 31 25 6 2 19 24 2 34 9 40 12 13 5 33 13 23 16 30 44 24 50 27 9 39 36 25 12 43 38 14 23 37 28 37 19 24 40 34 17 13 31 50 1 30 34 23 31 30 36 19 4 1 23 48 18 39 23 13 26 22 42 27 49 17 45 3 7 42 46 13 21 3 44 15 13 18 48 37 13 26 36 33 26 14 35 44 29 26 21 23 5 27 23 14 1 45 10 8 21 4 8 31 39 15 26 1 5 11 33 38 5 10 9 50 35 29 13 34 32 40 46 14 24 35 14 42 9 14 4 28 1 33 38 20 11 29 49 19 40 34 42 31 3 16 18 39 15 47 45 14 11 50 9 3 3 14 10 46 6 19 48 20 25 37 12 22 6 37 1 33 18 12 40 29 30 9 49 38 50 17 26 10 15 1 47 1 6 2 41 12 25 34 15 16 5 2 26 44 19 5 1 26 11 28 25 34 17 37 18 44 20 24 11 33 33 11 31 32 25 14 46 32 8 32 10 16 29 33 6 3 39 9 14 7 25 46 24 28 14 30 35 6 41 10 46 34 45 38 9 21 34 29 32 32 2 44 44 7 33 14 45 31 34 5 25 16 16 13 34 30 13 29 33 14 49 24 30 23 17 33 7 8 11 45 22 25 31 11 16 1 46 11 3 17 39 36 30 7 31 11 18 12 16 30 6 32 42 2 24 48 7 24 6 11 45 36 11 31 34 47 28 45 19 33 11 18 40 27 21 38 19 9 23 8 15 49 36 23 35 33 9 20 33 31 16 4 35 5 41 8 40 48 37 12 7 43 49 25 14 34 5 37 19 25 34 23 38 21 30 31 28 32 40 12 45 14 36 33 25 36 30 30 24 43 7 20 48 15 26 27 49 1 39 36 19 32 29 13 6 37 42 8 38 42 26 25 8 4 14 30 49 27 24 37 12 25 21 43 50 39 1 38 24 22 49 44 41 13 24 33 19 16 27 13 17 37 37 45 38 22 20 37 48 16 32 11 44 11 24 16 27 40 38 8 42 19 13 7 26 47 4 33 11 37 9 14 24 45 42 10 34 39 24 49 8 36 9 15 14 50 14 33 3 20 37 2 37 33 40 27 25 39 48 13 39 43 27 33 49 25 8 31 48 40 34 3 40 8 30 34 43 38 43 31 32 17 30 41 34 34 10 43 19 17 40 45 36 39 37 22 4 49 5 11 26 32 12 3 14 24 1 48 25 24 3 26 47 49 41 19 11 41 6 3 11 36 40 4 33 20 43 46 9 32 2 44 48 45 26 40 16 31 25 32 35 19 37 32 11 11 39 15 28 20 19 32 10 49 14 45 21 29 4 43 15 35 1 31 16 8 8 27 9 47 17 29 49 41 45 1 36 40 4 3 32 1 20 6 17 27 1
43 15 21 37 39 39 45 21 24 37 50 1 10 2 46 30 33 30 19 6 12 14 48 43 16 31 44 50 43 28 3 21 4 49 20 15 20 20 2 36 12 28 6 35 27 42 39
22 1
4 17 24 42 27 42 44 7 28 28 12 35 38 30 13 18 13 29 42 47 49 44 31 28 33 9 17 11 35 28 28 40 50 21 29 9 39 42 35 50 49 24 24 44 16 37 20 18 26 42 29 50 23 30 19 4 7 33 21 15 41 27 35 17 24 9 2 30 3 6 9 16 49 47 35 26 4 28 35 18 44 19 37 50 6 28 43 38 13 13 29 17 19 26 34 38 8 36 24 12 33 31 35 16 16 47 27 31 38 16 8 28 24 5 47 36 34 43 45 24 23 17 40 6 25 15 12 17 49 17 46 50 12 47 23 13 4 29 30 34 11 48 18 2 11 14 29 30 16 32 20 29 31 4 2 35 36 50 22 43 21 8 44 14 45 25 20 34 7 29 40 32 7 37 14 17 4 41 45 13 47 34 12 27 36 50 25 9 47 39 7 31 32 7 7 16 46 46 3 31 22 2 14 31 22 7 6 32 46 40 38 12 40 15 44 17 17 27 10 31 20 42 41 13 7 10 26 32 19 29 25 12 20 46 17 48 18 22 18 4 16 17 28 20 43 31 25 28 24 8 43 32 4 50 30 2 26 14 15 6 37 2 47 8 17 29 49 47 1 38 14 23 20 21 19 19 22 24 12 22 12 28 43 30 43 16 40 35 27 18 23 6 48 35 24 4 12 36 30 5 9 45 4 9 27 14 19 49 48 3 43 8 17 17 19 15 12 11 7 21 14 40 5 19 27 28 42 38 29 6 50 14 32 4 47 28 19 3 19 33 47 7 48 16 33 49 22 48 12 21 48 50 35 32 37 37 12 14 17 38 34 48 26 47 4 30 45 7 6 13 29 1 15 4 29 24 50 48 27 5 42 19 18 15 24 10 45 16 5 23 2 40 36 39 48 14 17 45 36 7 19 48 2 21 1 28 40 14 39 35 38 15 36 36 22 47 25 28 45 23 42 25 34 29 21 44 25 7 46 43 44 3 6 21 2 38 22 24 9 50 18 28 49 30 10 32 21 10 23 11 39 31 38 41 35 42 37 35 6 6 3 41 21 33 50 50 49 32 44 35 43 23 35 39 21 23 18 36 20 2 38 5 39 7 5 44 9 21 36 40 16 37 10 17 33 23 20 41 20 32 2 26 41 6 15 39 23 6 34 44 43 12 14 39 18 16 22 49 41 18 41 47 29 6 5 28 37 44 15 20 22 21 44 2 22 49 7 31 38 6 1 23 45 7 11 47 31 49 36 50 11 14 42 7 11 20 20 1 39 9 10 13 20 46 13 8 45 27 17 13 21 29 14 49 35 25 41 29 35 10 24 27 8 20 12 34 8 31 47 13 17 19 49 35 27 45 6 3 4 20 40 1 11 7 24 4 22 24 4 36 40 11 42 39 40 9 19 14 49 27 46 28 48 48 43 47 45 35 30 15 27 18 29 25 2 23 2 48 28 31 9 26 11 33 39 25 38 37 40 21 36 27 33 39 44 34 36 4 5 35 6 23 50 50 28 3 26 21 32 19 9 5 23 5 11 33 10 11 11 37 42 45 32 4 34 5 36 43 20 33 22 17 39 7 27 20 5 10 12 3 9 35 39 31 12 46 40 36 33 12 3 31 15 38 43 24 31 39 9 1 6 43 27 33 29 33 16 12 22 22 46 24 40 1 18 37
33 38 46 32 32 19 23 2 29 11 16 6 28 6 46 49 17 26 40 3 11 30 43 21 44 17 37 4 32 28 46 6 11 39 10 29 38 43 25 35 46 48 28 32 14 29 41 15 25 19 27 44 48 33 20 32 22 25 47 17 43 26 44 41 39 10 28 7 9 26 42 45 27 5 23 45 31 38 12 49 21 3 44 2 29 30 49 45 42 27 41 23 39 28 8 23 9 1 6 27 23 9 46 5 44 27 29 18 36 28 9 22 6 10 9 38 13 39 40 36 28 41 36 38 48 17 13 36 39 49 37 5 28 47 5 18 23 33 3 44 2 45 17 15 35 18 28 38 23 22 28 43 40 4 43 20 49 25 8 29 48 21 45 24 41 33 7 42 50 34 21 16 21 4 14 29 30 46 36 34 32 9 6 5 11 17 43 28 29 13 20 23 1 37 28 37 33 19 47 48 35 32 37 45 40 6 35 10 9 40 39 46 6 46 32 12 36 6 33 50 30 9 44 38 38 25 28 13 17 20 24 27 45 3 12 12 26 25 37 29 11 34 26 8 47 37 39 13 42 24 18 42 37 27 26 12 7 8 21 27 29 42 31 31 17 19 15 13 42 46 33 48 49 3 1 2 31 39 13 43 28 26 4 39 42 10 11 11 48
40 25 43 27 49 34 21 9 9 20 10 30 29 11 28 12 42 14 18 12 22 12 28 47 13 28 34 10 29 32 9 8 40 35 32 29 5 8 5 11 37 33 24 12 11 2 7 22 33 11 39 9 3 41 22 17 49 12 21 29 39 28 31 21 24 49 41 36 42 45 10 47 4 35 20 35 19 15 36 1 36 27 31 28 12 29 39 45 12 4 32 8 18 2 40 24 36 26 8 47 32 30 22 24 38 1 41 30 11 4 21 20 48 42 26 3 50 13 1 43 44 34 11 37 8 6 38 1 19 26 8 39 22 21 41 12 47 15 21 39 44 36 19 47 37 24 18 12 29 10 7 18 28 31 32 11 10 3 42 25 38 17 1 50 4 27 45 6 28 41 9 20 46 17 22 36 9 17 19 2 50 30 8 50 16 41 1 33 22 25 38 8 10 38 14 12 5 45 16 9 37 26 20 48 31 26 47 20 30 28 18 14 42 12 39 25 25 10 29 46 26 20 22 49 3 21 40 41 28 32 43 15 44 16 41 9 34 25 35 36 40 44 30 36 24 40 48 37 36 11 31 26 19 50 26 34 19 15 29 46 19 39 28 30 48 26 24 26 41 18 31 45 7 40 16 14 36 50 5 1 11 22 25 2 19 23 22 31 32 45 22 13 1 41 11 19 40 24 27 18 20 14 45 33 13 20 17 9 3 21 50 28 11 31 29 34 17 33 39 20 33 3 50 36 3 46 22 40 31 11 29 44 24 2 28 15 2 15 7 20 39 39 12 8 30 3 30 17 47 35 13 30 20 44 30 15 1 25 31 31 2 5 28 25 17 28 13 40 35 41 31 10 5 7 21 16 9 47 40 17 6 46 37 1 39 34 9 13 43 34 7 40 48 4 37 49 4 15 29 27 41 35 20 44 12 5 6 2 16 16 28 32 42 2 32 33 42 2 24 7 49 41 3 25 18 48 32 23 23 14 27 33 30 35 3 30 48 30 1 42 15 14 29 28 19 50 21 9 28 9 33 8 37 49 14 44 44 43 39 45 17 9 48 38 27 15 19 19 7 7 31 48 42 48 47 50 33 24 8 3 13 39 50 1 21 41 46 42 30 37 18 2 24 28 43 47 31 18 50 14 15 30 27 31 1 34 19 40 26 33 15 49 41 24 3 37 7 33 10 25 40 28 43 31 7 6 45 9 12 36 36 40 48 21 22 33 44 24 2 38 49 7 3 26 48 26 45 10 2 2 29 31 16 32 24 44 47 34 3 26 22 33 16 4 35 6 36 17 13 31 5 24 20 35 42 31 30 26 43 46 13 48 30 21 21 46 29 26 16 7 44 35 33 39 2 43 3 35 20 47 46 3 47 22 4 20 31 36 18 8 30 2 13 39 29 27 26 4 30 46 20 20 20 2 8 32 39 47 31 29 26 40 46 8 9 21 33 27 28 34 50 40 14 18 40 39 29 21 50 28 20 5 11 27 21 29 22 7 17 28 19 41 9 22 24 1 9 20 50 30 44 42 36 13 32 48 35 37 1 50 45 27 19 41 28 23 16 23 13 45 42 50 33 8 49 25 13 43 4 22 30 49 1 38 33 10 16 33 4 15 42 47 40 21 11 7 50 10 44 2 26 41 41 8 43 41 39 49 41 49 6 6 27 32 47 24 44 35 45 37 32 46 23 28 27 37 8 46 24 3 5 9 39 8 34 16 45 24 39 40 21 40 3 12 5 46 30 20 40 35 17 41 45 42 41 8 33 43 45 31 28 30 37 37 21 18 33 11 7 40 1 35 37 32 44 43 14 1 34 45 15 1 7 11 36 29 9 4 25 38 41 40 3 21 33 4 25 40 42 30 9 18 1 24 18 10 48 37 12 42 15 23 23 49 15 47 32 23 12 46 9 13 7 19 21 46 39 17 20 20 48 9 50 16 47 20 39 29 39 8 18 45 16 29 25 32 50 25 11 36 47 36 1 48 15 1 31 31 18 47 22 12 6 40 10 45 2 14 12 6 49 48 5 11 27 8 34 41 13 50 11 33 49 29 41 47 29 7 13 4 50 44 20 37 15 12 15 25 20 49 38 1 27 35 35 10 34 22 2 47 35 38 10 43 41 32 23 49 10 2 10 39 11 37 38 34 14 15 48 44 13 38 20 49 9 10 36 30 25 35 41 42
26 2 24 8 30 33 2 4 38 27 29 28 37 43 15 14 26 9 11 33 15 10 8 45 12 37 21 42 5 46 1 12 21 21 26 44 46 32 27 30 19 19 2 8 6 42 35 31 5 24 34 5 19 24 9 26 13 50 11 44 33 39 33 19 34 37 22 49 48 15 10 42 16 29 22 3 10 7 14 33 13 47 38 44 34
44 25 4 22 23 35 43 11 28 8 50 29 21 4 12 12 16 16 7 7 23 24 29 33 3 35 26 20 11 13 49 1 10 21 37 50 19 34 28 37 26 48 21 23 12 17 12 37 18 29 41 15 22 39 19 26 22 2 31 12
43 7 13 36 1 45 12 15 2 45 24 10 10 42 49 17 10 35 2 43 5 18 30 22 23 17 6 41 16 13 37 25 3 18 31 40 48 30 1 32 29 11 1 41 27 43 21 46 46 1 18 8 44 2 34 7 35 9 37 7 48 1 1 22 2 19 2 21 39 22 19 20 16 44 16 20 5 3 7 16 30 38 10 28 47 34 39 9 7 13 24 5 1 48 31 18 24 17 31 38 9 10 2 28 47 21 38 17 29 35 8 21 32 32 27 16 47 47 16 26 44 47 7 29 1 4 39 12 49 27 17 1 24 12 38 34 36 46 31 34 20 3 8 35 13 47 39 44 28 8 31 34 36 49 28 24 29 37 25 27 15 12 42 43 12 11 7 46 14 46 36 16 28 25 5 14 47 5 32 26 34 18 4 33 32 37 27 48 28 50 31 25 7 4 47 8 31 50 46 17 20 17 7 48 29 35 25 1 50 43 22 42 14 5 5 45 16 45 24 13 23 44 6 32 34 5 20 16
17 33 32 31 34 40 44 40 40 28 44 2 23 38 4 19 27 18 12 20 43 7 10 46 24 39 16 29 43 30 19 20 11 35 45 41 5 35 33 2 12 37 46 44 11 14 14 40 20 3 41 1 21 49 9 1 29 25 5 18 19 37 2 15 39 2 36 40 8 46 50 32 16 6 33 22 11 13 12 40 39 23 1
50 44 1 26 47 46 35 26 44 43 36 32 40 15 39 15 15 37 19 10 50 47 42 38 40 37 2 27 18 6 25 14 34 6 34 14 11 5 10 37 38 16 8 34 33 7 2 48 28 15 35 28 6 39 43 5 8 15 9 38 19 37 18 26 37 24 41 5 35 11 24 31 1 26 16 26 19 19 43
50 48 10 46 17 11 45 33 31 6 5 22 47 43 27 12 23 42 47 31 19 29 36 39 32 13 15 15 34 16 22 18 7 37 26 39 42 8 6 40 20 19 16 23 14 14 39 46 36 28 21 2
1 49 12 43 27 39 44 24 1 35 47 50 13 40 11 22 25 3 37 50 27 9 46 43 26 8 21 41 15 10 14 12 9 34 43 38 41 30 5 22 7 6 18 6 50 9 42 21 39 9 13 47 23 49 49 31 42 2 2 34 28 5 22 28 44 39 43 5 49 3 6 23 14 26 9 19 5 45 47 34 12 6 13 7 50 16 34 41 32 4 1 25 48 48 18 45 22 50 6 38 18 6 43 29 29 23 28 15 38 31 44 36 1 16 13 16 16 18 18 27 25 2 6 28 47 37 8 40 15 18 50 23 41 46 19 6 13 38 21 35 34 29 23 8 38 33 21 50 28 3 27 11 44 21 33 32 26 3 8 26 29 34 1 19 21 24 26 2 14 48 22 1 25 50 19 1 48 9 41 38 15 23 26 17 10 4 4 23 33 22 3 7 6 1 18 29 15 32 33 28 6 31 24 12 35 30 32 39 37 12 28 2 47 42 41 36 17 28 29 3 34 42 15 22 32 14 38 25 42 45 40 41 5 32 6 6 35 1 20 48 48 8 47 43 8 18 47 46 5 8 34 45 6 26 22 39 21 34 38 44 15 26 28 12 47 41 1 20 11 35 19 43 23 31 29 43 26 19 14 36 48 44 14 44 13 41 27 10 43 16 41 23 39 30 40 47 12 26 22 28 43 50 38 23 33 17 29 33 50 19 34 12 14 10 13 20 17 10 20 45 33 26 1 33 22 27 32 5 7 20 18 49 49 43 44 10 33 30 29 3 21 34 17 5 9 25 7 20 19 39 49 34 23 20 22 37 35 6 20 47 21 6 25 19 28 25 29 30 4 5 24 11 12 17 45 10 25 24 27 49 29 49 44 42 20 2 19 42 35 16 24 50 35 48 23 22 44 20 9 22 22 2 20 9 19 10 16 39 34 39 11 24 15 12 2 46 10 4 49 11 34 6 33 11 37 30 23 18 4 5 18 19 48 39 44 7 12 50 34 13 34 15 2 26 16 32 35 4 4 21 8 44 24 39 7 47 34 3 45 46 31 22 46 37 22 20 5 42 11 39 6 3 43 32 45 18 39 34 49 34 32 38 33 26 34 31 43 29 48 5 26 36 18 14 19 17 9 33 32 4 37 40 40 36 14 2 50 8 6 46 49 43 47 6 17 49 47 10 46 18 35 29 19 47 30 8 46 2 1 12 22 35 48 26 39 30 2 17 40 43 34 40 46 13 5 32 10 8 9 45 39 21 9 20 25 12 26 12 22 25 29 9 22 1 23 23 18 23 16 34 45 47 29 35 1 7 30 19 29 12 22 42 11 5 13 12 31 15 41 13 10 4 23 35 10 37 35 48 39 12 22 38 15 40 38 37 19 15 28 35 15 42 2 14 29 25 33 9 47 37 40 43 34 46 41 40 39 23 32 12 3 18 43 24 36 19 11 41 38 46 46 38 28 48 31 49 44 48 3 12 35 18 36 11 17 4 38 1 24 35 48 45 11 8 31 19
45 32 49 11 1 15 17 1 50 20 2 35 18 32 1 26 48 48 29 14 2 17 15 7 2 33 4 41 13 3 22 47 14 48 7 13 29 42 1 23 8 19 12 44 28 19 12 5 47 7 41 37 26 4 38 50 1 44 46 45 46 42 16 36 29 44 23 32 48 21 50 29 2 16 30 18 34 40 46 17 29
45 42 50 20 42 10 4 6 29 31 1 20 30 49 42 2 5 49 19 35 29 6
2 22 10 14 40 39 33 47 17 29 37 2 8 19 47 20 36 28 31 14 19 23 34 8 30 14 38 49 49 35 31 35 50 15 37 12 22 19 26 31 19 9 30 7 20 3 37 6 26 15 18 31 29 8 2 29 44 27 50 26 46 6 4 2 28 24 35 37 13 45 4 10 4 17 27 49 26 15 2
37 2 20 1 38 12 35 48 6 26 49 34 43 7 44 42 19 30 49 45 15 10 31 4 6 34 34 35 15 8 25 32 14 44 4 35 35 17 28 36 41 44 48 14 1 27 12 4 12 46 39 34 32 39 27 4
33 8 45 45 26 20 34 50 13 38 6 14 35 29 42 27 18 44 41 13 17 5 38 47 38 39 31 36 35 15 29 14 30 28 37 46 10 5 27 39 15 24 21 6 2 28 15 31 7 23 2 11 46 17 45 37 47 44 4 28 43 11 47 4 22 7 13 17 39 1 18 19 18 33 4 29 14 42 37 49 12 36 9 9 23 26 32 42 34 13 12 25 2 22 30 39 32 1 6 10 29 39 7 1 48 22 50 42 21 27 15 31 15 46 8 46 33 27 36 3 15 32 21 23 30 4 31 7 11 29 10 42 47 33 37 43 39 20 27 38 8 3 13 30 33 9 37 26 31 19 20 24 27 13 40 18 49 24 28 40 26 11 32 3 16 27 5 14 5 47 43 48 48 9 44 24 30 41 22 43 34 50 24 3 22 31 29 7 48 43 22 37 12 29 29 8 34 14 39 40 31 23 16 23 1 20 35 14 20 44 6 16 37 31 14 6 29 21 5 9 27 47 39 45 24 1 36 35 29 34 48 39 13 8 19 44 15 25 34 23 11 8 44 40 37 9 40 7 47 8 37 20 47 32 47 13 17 36 39 40 35 40 17 33 9 37 37 47 24 21 39 4 16 32 44 35 26 9 45 45 12 7 8 40 33 22 25 17 8 8 9 32 3 11 8 39 4 28 15 8 30 10 27 42 29 20 49 3 48 42 25 2 23 15 4 50 15 45 49 29 41 20 9 20 28 39 34 23 48 37 11 17 46 29 25 23 10 15 39 34 12 3 36 18 18 42 7 5 10 28 27 40 15 44 14 2 12 45 40 6 12 29 12 21 28 24 1 24 17 22 31 41 47 42 26 34 33 50 30 26 32 20 14 34 42 48 6 14 10 49 32 20 29 33 27 33 27 43 31 20 34 34 6 50 23 30 35 35 25 1 50 22 22 40 29 46 33 18 41 19 39 27 29 43 25 42 14 44 19 28 50 31 13 40 15 6 7 50 25 45 22 37 9 32 9 45 24 17 4 43 8 29 34 40 3 18 44 7 33 40 11 8 47 18 42 1 16 14 22 21 43 31 8 34 29 33 33 44 21 31 28 3 34 17 25 48 41 13 4 4 11 4 48 8 23 29 49 25 1 23 46 47 46 40 7 2 3 43 2 28 9 23 36 43 31 11 8 37 2 19 36 21 6 18 34 31 35 34 33 27 48 24 38 9 27 20 9 21 17 19 29 42 34 9 38 16 37 50 28 26 21 32 42 13 8 39 28 47 35 1 4 28 15 30 24 9 33 2 20 36 11 48 47 8 49 16 21 30 8 42 42 33 32 39 3 17 36 12 28 29 7 3 30 23 33 10 38 48 3 23 49 24 21 49 11 47 37 21 20 19 8 7 48 6 20 29 39 10 3 36 50 43 48 35 33 2 28 24 3 34 22 10 47 22 39 41 40 24 48 11 10 31 43 27 12 36 35 36 29 7 44 17 28 19 44 33 40 41 2 22 1 2 14 45 32 29 6 16 26 23 12 29 47 49 22 11 25 26 36 14 12 25 11 20 39 11 41 48 4 12 24 11 41 33 24 40 7 3 17 18 45 4 14 44 22 50 9 49 11 15 10 17 50 36 15 18 6 24 43 6 6 18 36 26 46 21 23 15 20 32 7 4 25 27 6 19 12 49 46 35 5 32 24 24 40 48 26 25 32 23 21 24 49 33 38 5 26 20 26 8 29 36 17 48 43 21 12 1 13 48 10 44 44 11 35 38 17 33 20 24 25 46 29 23 1 48 8 26 25 4 29 20 49 23 13 28 11 20 21 21 45 7 2 48 25 41 3 33 36 36 12 3 27 47 44 15 11 35 14 21 5 5 7 39 44 18 25 7 12 35 37 50 37 20 12 32 13 13 2 15 47 16 21 48 35 13 46 27 10 34 22 28 21 38 42 43 24 45 20 37 1 17 26 16 44 26 22 23 6 13 17 13 4 39 26 21 1 4 17 41 29 44 28 32 18 41 16 10 19 29 8 30 16 41 46 16 13 16 29 25 47 3 31 19 23 37 25 10 5 32 14 50 29 16 32 30 48 15 37 14 6 35 9 14 13 25 43 6 19 27 29 11 11 28 36 3 28 36 12 11 12 16 12 12 1 14 48 29 19 5 20 48 18 4 38 1 29 40 28 36 32 46 26 14 32 10 13 37 48 46 8 27 35 23 43
42 38 18 47 45 27 46 41 6 34 37 43 14 14 34 36 14 33 37 23 25 48 5 3 46 1 25 32 3 36 6 36 15 14 26 1 39 14 39 13 35 16 21 26 33 12 35 7 28 25 16 39 10 38 14 17 44 41 34 49
48 15 40 41 38 39 8 42 27 25 6 33 29 3 50 24 6 20 25 15 3 1 17 27 17 9 4 31 16 8 18 44 40 47 50 31 37 36 35 24 14 21 22 38 3 15 20 34 15 17 20 27 1 31 47 4 25 8 18 27 38 30 11 41 16 22 49 26 7 35 39 48 41 36 46 28 34 6 26 22 25 50 42 6 6 47 10 22 50 3 5 24 6 17 46 2 19 45 44 5 45 3 3 44 39 50 23 48 31 5 39 47 15 12 47 1 12 10 26 6 50 38 29 42 17 37 45 9 19 9 1 25 50 37 21 13 23 41 17 32 28 4 2 26 8 41 38 8 3 43 36 28 25 25 35 27 5 47 15 19 3 38 6 21 39 26 15 47 21 18 50 22 8 2 48 36 46 9 38 35 7 13 36 33 20 5 7 33 8 23 16 35 37 31 3 44 50 6 20 1 20 15 7 25 13 34 30 10 30 17 20 10 12 4 3 37 1 16 46 29 48 38 17 13 9 31 2 14 22 13 38 8 8 1 47 16 5 20 13 16 9 34 27 41 14 33 47 41 29 49 23 42 7 8 4 16 11 9 49 43 26 5 20 40 20 6 17 10 18 26 27 35 2 40 29 42 39 12 6 22 8 42 10 19 17 21 26 29 1 38 15 30 23 42 26 31 1 16 12 37 10 2 15 17 14 3 9 30 21 16 37 40 24 23 48 43 1 20 45 6 41 33 2 49 35 42 35 34 40 14 5 40 2 32 2 7 11 45 16 27 27 5 29 49 28 32 12 21 42 6 47 9 39 49 38 10 10 37 46 47 1 31 9 46 49 49 1 9 18 15 11 45 7 44 37 3 29 49 44 35 44 10 35 35 48 3 3 28 16 33 7 11 43 15 37 8 19 45 47 36 36 46 31 3 23 48 39 3 29 40 12 45 37 44 47 34 23 25 49 46 41 47 13 16 34 4 20 47 29 43 7 36 10 3 27 30 28 15 18 43 19 14 49 10 39 2 22 39 7 34 28 13 39 7 30 25 6 27 7 13 42 11 42 39 7 3 4 25 32 47 1 45 50 37 34 37 29 35 10 33 27 10 28 12 2 20 8 26 4 21 4 39 42 22 35 30 45 28 12 37 5 28 19 26 46 45 43 9 45 17 38 25 2 27 16 48 49 31 13 7 47 11 12 19 5 14 5 39 25 34 6 14 4 42 28 1 19 11 41 5 13 14 37 50 23 25 14 36 37 4 6 27 15 31 19 27 37 19 19 31 35 6 8 45 38 15 22 44 31 32 36 22 43 46 43 44 48 28 48 1 21 50 13 8 45 4 25 28 31 18 13 43 2 34 5 33 1 45 50 23 50 30 2 26 50 20 40 11 39 22 14 20 1 34 13 17 22 23 50 9 11 21 26 48 17 6 22 37 22 19 38 42 35 1 18 26 45 41 29 35 3 4 37 44 38 26 28 27 34 32 6 50 46 20 33 36 44 13 4 9 45 19 48 15 44 40 9 32 18 29 38 39 2 22 24 31 23 2 7 1 28 44 33 41 32 29 11 6 28 20 27 13 17 50 26 14 28 38 42 6 45 28 50 44 32 9 7 48 41 4 41 8 45 15 40 10 3 42 21 31 41 38 46 42 33 27 11 44 1 27 47 27 22 1 29 11 5 17 33 14 23 46 47 30 31 16 26 15 2 29 24 45 21 38 29 16 3 49 17 39 2 24 3 5 37 3 18 22 27 8 25 42 12 11 27 5 50 10 16 3 30 1 17 7 50 5 50 12 46 48 44 30 22 20 4 28 6 28 45 45 29 5 37 6 37 11 47 13 16 14 42 1 47 4 6 44 27 18 9 26 14 11 19 40 17 23 47 37 35 31 15 27 10 36 5 21 34 38 14 5 30 21 29 32 5 23 6 45 47 30 37 3 25 29 6 32 6 32 39 41 25 4 34 16 10 16 17 29 11 9 28 6 3 16 19 26 48 32 30 37 19 5 11 49 44 34 31 47 13 19 24 29 10 41 28 29 39 43 49 38 47 30 45 34 19 3 47 23 22 4 25 41 35 50 5 39 2 45 17 45 43 35 11 17 45 31 32 17 40 29 29 40 16 49 3 10 13 14 3 33 47 28 9 37 3 11 13 20 32 16 18 37 4 9 31 5 7 1 25 6 42 16 19 37 7 35 37 39 38 8 49 36 33 5 45 38 21 12 37 15 23 9 11 22 18 47 3 28 5 39 28
5 35 40 42 4 17 1 46 32 11 41 34 13 24 7 44 48 25 33 30 49 10 38 32 13 34 6 25 24 18 23 50 2
21 49 22 15 32 2 34 30 26 37 8 16 40 17 47 3 48 41 3 39 23 19 44 49 45 50 16 3 15 39 30 43 25 35 9 37 11
12 5 46 29 6 50 38 13 3 45 38 47 18 38 20 10 31 47 40 28 12 31 11 47 8 46 19 29 40 1 24 19 31 46 20 40 18 44 26 30 18 47 14 49 14 15 13 46 20 8 38 27 14 47 36 34 5 14 13 4 49 23 1 15 30 43 20 28 45 8 45 20 3 25 49 37 12 20 39 9 19 28 14 11 21 33 16 31 37
40 15 1 45 6 23 33 27 1 19 12
49 32 47 50 50 8 24 3 21 42 19 17 42 21 1 43 5 28 44 24 42 18 49 11 28 18 43 23 4 15 23 12 17 12 36 18 6 47 26 42 36 43 36 15 42 46 9 14 24 25 30 36 49 9 44 39 32 3 15 25 40 5 26 29 31 32 33 5 37 18 31 23 29 22 9 18 2 32 5 12 42 39 39 25 29 29 20 12 20 11 26 16 33 30 26 36 13 31 50 16 46 11 34 16 42 38 2 29 33 43 50 12 28 47 24 32 43 32 21 19 18 2 40 19 11 46 30 40 39 6 30 8 33 43 39 39 15 16 22 29 25 5 48 47 3 8 32 5 28 23 15 49 4 15 20 48 32 8 48 28 8 16 14 38 28 48 18 37 36 47 31 2 23 6 9 44 14 28 41 17 7 24 50 43 15 16 13 40 32 8 20 15 34 3 31 18 44 6 10 15 49 38 11 6 15 21 48 24 1 11 46 38 7 19 3 48 45 13 50 46 43 20 15 46 25 27 17 14 48 11 24 11 25 7 47 18 9 33 25 11 48 4 12 23 48 31 14 2 49 5 16 19 25 3 2 21 5 47 39 33 10 44 6 20 30 31 45 45 19 18 23 23 31 15 46 3 12 27 21 42 23 6 34 1 14 25 2 1 23 4 47 29 43 18 36 12 29 18 14 46 13 38 42 12 7 26 27 39 40 14 50 15 18 17 44 35 50 36 5 15 48 10 10 22 46 33 47 19 39 42 19 22 18 32 49 17 14 18 32 38 37 14 1 42 6 9 32 15 41 46 36 43 33 34 46 38 38 32 39 13 49 24 5 39 1 10 14 40 25 2 25 26 25 50 50 47 50 11 8 33 31 6 23 3 11 44 48 15 44 19 24 30 50 43 10 5 5 12 4 41 23 28 27 2 1 24 44 27 50 46 37 35 49 13 6 45 2 7 50 21 15 3 28 49 32 6 34 17 14 20 9 12 38 4 29 48 37 1 4 32 35 30 20 46 26 17 16 29 5 49 49 46 49 2 27 23 25 16 23 35 47 36 17 37 36 5 46 27 31 1 8 11 26 7 40 30 27 19 27 1 47 40 47 8 36 22 18 37 4 22 22 17 43 45 46 16 33 3 39 40 31 7 46 18 39 11 14 41 41 23 49 38 9 2 23 29 19 39 18 29 26 22 22 27 8 21 33 29 39 14 40 14 28 39 17 21 47 30 14 41 10 28 47 49 26 2 26 18 46 33 32 39 12 21 22 12 28 30 9 12 10 39 13 47 37 32 15 36 1 16 27 10 14 39 41 40 2 21 11 6 3 13 49 41 24 19 17 49 40 13 9 9 23 44 31 30 1 6 1 11 40 45 30 15 40 23 32 46 47 24 3 48 13 38 43 2 11 7 32 41 32 6 19 15 47 9 45 14 39 34 4 1 18 35 8 43 8 10 20 23 34 43 9 4 5 23 35 44 38 4 23 8 12 18 13 32 49 16 15 27 2 2 42 10 1 17 24 10 28 43 11 20 30 21 42 39 13 35 11 12 28 1 35 22 20 49 6 34 33 44 27 18 9 27 1 30 45 28 27 20 23 13 23 20 21 21 4 31 29 22 3 6 37 50 24 37 48 2 47 7 6 22 32 5 32 7 26 5 5 38 7 1 43 20 30 36 2 47 17 25 5 36 27 2 37 9 12 5 4 36 40 39 21 3 34 40 46 28 15 24 39 34 34 16 25 31 50 5 18 35 42 40 16 34
21 28 9 7 17 27 34 28 6 14 36 30 20 21 11 12 10 42 36 5 24 35 3 26 46 18 16 47 47 24 1 33 6 45 34 42 41 35 36 50 49 17 39 46 8 8 12 3 47 4 18 31 38 3 26 34 4 33 13 18 38 9 6 5 14 29 9 5 22 2 24 44 45 12 9 21 50 32 13 44 46 8 23 20 14 34 4 8 43 5 3 37 28 2 8 5 44 13 1 7 37 34 38 31 19 11 24 14 12 32 35 29 5 26 34 4 26 25 27 25 12 50 4 18 6 16 17 23 13 18 39 4 27 32 24 31 1 28 6 5 21 10 22 21 43 16 23 22 49 22 40 15 6 30 46 17 14 22 3 44 1 46 8 32 26 31 24 26 24 8 40 18 34 31 37 44 33 8 39 39 35 13 38 20 19 13 5 29 26 32 33 27 45 40 14 49 35 50 8 28 21 40 2 43 50 25 48 43 46 43 29 5 18 35 47 4 32 12 31 21 9 21 16 6 19 27 50 4 8 48 31 1 39 47 27 25 28 9 4 37 24 36 11 25 22 9 43 22 9 29 50 16 27 40 38 19 23 5 15 14 32 43 13 31 13 2 8 15 2 43 47 45 38 46 50 6 33 17 42 18 14 19 44 36 4 49 42 32 32 9 18 22 26 32 11 42 44 37 20 21 47 41 18 2 23 37 2 26 43 21 26 43 25 15 39 3 10 1 4 11 38 31 43 36 30 39 6 15 27 26 15 38 50 5 7 39 14 15 6 19 5 27 9 1 14 8 33 32 42 31 31 25 3 13 30 24 48 43 41 24 17 33 40 48 8 9 45 33 21 6 13 16 12 3 42 23 17 35 38 25 35 25 42 28 26 42 8 12 25 44 9 9 17 46 20 19 12 41 43 48 39 4 11 39 17 15 8 20 45 45 24 10 10 24 44 18 2 26 8 7 10 48 18 18 5 27 43 45 47 23 38 2 31 10 21 2 34 39 39 46 5 36 36 8 34 25 24 31 34 17 42 7 25 18 46 32 29 47 29 32 45 5 21 29 11 24 31 7 15 1 16 29 6 50 41 36 16 27 23 23 28 44 14 33 10 31 31 34 29 37 14 31 25 48 42 34 38 23 41 20 10 12 46 37 17 43 33 25 47 30 48 5 10 39 2 1 47 41 34 46 3 6 27 9 41 47 44 13 5 36 6 27 26 22 44 32 24 24 35 48 11 34 44 20 42 1 49 22 36 35 4 49 13 30 48 42 23 1 25 2 29 33 3 39 15 3 19 49 24 40 32 3 9 6 37 26 44 2 28 32 47 39 49 50 27 10
5 39 40 30 35 31 3 15 29 33 18 48 2 16 7 49 45 10 17 22 3 34 41 27 2 35 35 41 32 13 45 22 41 50 22 35 40 24 8 43 44 50 43 48 18 43 26 26 31 44 37 18 7 38 48 4 39 22 35 38 48 20 28 23 26 8 25 4 47 20 1 8 19 11 7 21 36 50 40 43 20 39 8 15 1 28 30 25 39 9 45 36 35 5 29 3
10 39 31 42 45 36 4 2 7 14 4 14 30 18 1 26 46 39 19 36 42 10 35 25 25 31 44 50 5 30 49 27 26 32 15 14 33 28 10 14 8 35 41 2 20 45
20 6 41 13 25 15 37 44 27 23 28 12 44 29 12 26 43 16 45 50 9 28 10 21 4 23 50 23 44 17 11 34 44 12 20 50 20 8 22 3 6 16 10 49 13 18 35 18 11 35 35 27 28 13 40 39 45
34 29 44 16 30 30 20 1 23 7 3 3 9 6 25 26 7 49 38 48 26 15 27 2 18 45 49 23 49 35 21 36 15 6 35 49 30 6 22 7 40 15 23 35 36 18 42 35 25 9 15 38 31 34 40 36 15 6 45 41 17 15 5 22 12 16 13 48 11 34 29 8 7 31 49 33 29 45 32 32 49 28 7 46 24 31 49 20 3 32 35 14 41 28 24 40 35 25 5 28 30 38 36 18 27 35 2 41 46 5 6 3 46 36 37 24 13 30 34 25 38 32 15 8 20 31 6 8 8 38 18 8 30 49 13 1 14 28 14 15 48 39 3 24 21 34 41 1 36 30 19 29 50 33 13 5 45 15 50 31 3 23 29 49 49 30 29 14 26 47 20 36 50 1 5 48 38 22 44 36 14 22 2 31 34 22 19 16 17 29 39 3 13 30 38 10 3 46 18 36 33 18 9 37 11 16 35 30 12 12 20 46 8 17 6 38 46 3 13 6 32 34 32 42 10 10 34 19 25 46 34 5 26 20 42 23 35 9 28 18 3 35 18 25 28 34 40 39 4 5 28 37 14 36 38 44 18 3 33 31 24 39 4 22 15 19 19 40 41 48 16 11 13 46 35 37 4 22 42 4 27 10 2 16 8 48 1 42 5 45 6 29 30 19 35 45 33 18 21 33 19 19 48 21 44 12 10 22 36 39 38 26 31 22 33 39 18 33 29 43 42 49 31 20 42 28 6 49 25 18 20 42 47 28 28 13 44 44 28 17 5 4 33 23 18 39 19 43 8 47 39 40 43 40 14 28 1 39 35 44 25 20 42 45 30 43 47 34 27 32 26 39 33 27 4 35 38 19 14 31 1 2 10 41 45 33 39 16 15 4 27 34 12 48 9 36 42 25 33 7 45 9 28 48 6 38 36 44 32 43 3 26 19 49 45 39 19 31 20 30 34 40 6 37 2 36 42 27 17 30 37 5 34 25 32 30 25 7 43 14 15 25 6 1 35 38 22 32 8 16 5 31 41 12 24 45 10 13 25 47 33 28 19 48 7 44 32 9 20 45 9 2 31 36 9 4 8 11 17 10 44 37 19 28 7 33 17 26 6 7 6 13 13 33 48 28 15 10 18 15 48 37 1 34 7 36 46 24 30 14 47 39 20 30 4 9 2 14 2 30 50 36 1 10 16 42 43 8 41 20 47 20 7 49 45 14 22 29 46 24 21 40 15 11 40 33 44 33 47 33 50 12 30 35 25 47 37 20 9 43 8 41 19 37 15 24 23 30 15 26 8 11 28 1 29 44 45 32 7 10 9 26 17 16 46 39 21 50 17 23 37 18 3 27 6 26 4 34 48 48 12 9 32 31 1 42 3 46 4 29 43 6 19 48 3 17 35 30 3 42 21 19 20 45 24 37 40 49 23 44 45 48 37 49 25 38 6 38 33 19 15 35 35 46 25 33 20 6 5 27 15 33 24 41 1 50 21 2 22 41 20 3 39 47 22 35 44 4 15 3 16 22 7 3 44 12 14 50 46 49 47 38 33 27 24 20 46 16 19 2 23 29 6 46 45 20 19 25 46 39 31 25 38 32 48 3 26 18 3 5 19 14 19 35 9 16 2 23 18 10 5 5 14 10 48 6 35 32 34 18 12 11 34 9 2 37 7 14 18 5 2 48 23 1 12 8 41 36 16 18 42 35 23 39 12 1 33 48 2 2 3 44 21 27 28 37 6 31 18 45 8 12 8 17 42 18 35 44 1 44 27 43 31 21 4 45 50 5 15 16 7 16 43 12 19 19 28 2 3 17 35 32 43 30 12 8 31 36 11 44 27 16 4 41 41 9 44 14 36 28 40 7 45 18 25 25 49 43 39 5 21 48 48 43 25 32 24 33 19
22 15 14 6 33 8 27 19 7 43 3 33 7 5 28 46 33 27 10 49 5 34 24 29 14 5 27 26 24 2 32 20 49 6 26 14 49 1 17 39 15 45 14 6 10 18 35 50 15 14 41 4 33 3 45 32 21 43 5 41 24 46 33 38 18 50 5 43 14 28 28 31 28 32 25 17 19 8 9 39 26 20 38 24 22 45 39 44 14
36 3 31 44 48 29 14 2 25 10 6 19 1 17 43 23 21 9 44 22 38 29 29 31 32 13 38 32 25 36 33 21 33 42 36 23 39 28 8 6 22 26 19 40 6 22 2 27 26 15 17 35 14 39 27 23 4 30 21 50 10 29 41 24 50 6 18 10 11 18 25 4 19 33 2 19 15 1 23 37 36 20 49 3 18 18 4 3 7 43 18 44 41 22 17 10 35 5 36 26 10 10 23 6 36 1 13 36 43 6 15 34 3 13 14 10 34 31 26 33 15 35 4 43 44 21 25 46 29 22 25 20 30 25 41 16 3 8 6 25 1 41 15 19 14 38 48 37 21 15 2 21 32 15 9 7 39 31 50 39 9 17 33 42 46 30 38 15 42 50 6 31 46 41 33 23 22 45 38 36 35 31 9 16 43 2 7 13 8 5 38 49 18 5 38 10 32 9 3 6 16 12 19 50 8 28 15 38 33 36 47 1 4 23 19 46 28 16 32 47 21 36 4 2 38 12 39 43 26 4 24 29 16 4 42 16 15 29 11 35 3 10 3 40 48 50 25 32 36 1 50 37 28 33 45 37 47 33 28 7 29 47 34 34 8 43 16 6 33 36 39 37 1 12 25 13 20 22 7 35 40 49 25 14 49 42 50 9 30 41 40 1 50 47 25 1 31 14 29 33 1 5 9 31 3 46 16 12 3 29 26 38 44 21 29 37 27 15 26 36 39 23 10 43 7 33 49 50 10 9 39 28 37 7 21 49 43 20 3 8 20 21 37 28 47 1 10 27 27 34 9 32 22 6 27 12 18 28 23 9 36 28 22 31 10 20 17 40 21 50 8 18 29 30 40 35 4 10 28 20 19 41 16 43 27 40 19 7 16 35 17 19 4 37 1 31 31 3 21 36 42 5 10 13 9 30 46 45 50 49 24 25 9 4 31 36 34 48 13 8 9 48 10
3 20 10 44 22 12 35 33 48 8 36 34 36 22 26 43 26 27 4 48 8 27 48 33 24 46 45 39 21 10 13 23 31 48 32 41 42 29 23 34 9 29 32 17 35 20 17 15 24 42 22 1 35 1 36 25 5 2 15 8 24 36 33 15 50 3 46 22 26 7 49 1 34 44 39 10 30 28 42 46 22 15 5 39 2 32 22 13 28 8 28 20 11 7 9 42 27 5 24 32 41 19 7 24 14 41 37 22 5 23 5 46 28 4 32 42 23 43 23 7 20 49 25 1 41 47 22 45 29 39 42 35 26 41 43 9 7 2 14 4 4 5 31 2 19 42 48 34 13 26 47 19 25 30 44 46 15 41 26 31 38 6 49 42 5 38 7 31 5 6 16 12 45 46 19 14 31 13 5 13 1 3 31 27 20 3 18 46 15 17 4 8 10 33 26 21 2 2 43 13 29 5 47 9 19 47 14 33 19 2 47 42 14 33 24 25 42 22 49 49 20 8 6 15 40 46 34 48 16 45 41 40 5 44 38 40 16 11 6 18 46 13 37 13 35 40 39 20 42 38 42 24 31 35 6 37 25 5 23 40 15 14 30 7 46 50 13 41 16 27 48 33 37 4 12 47 1 5 18 15 38 21 50 46 27 4 34 39 28 36 29 45 17 35 6 8 47 2 8 19 38 13 45 47 27 4 43 22 12 20 47 50 30 24 26 14 31 41 10 24 15 6 25 9 28 29 13 5 41 15 45 2 49 12 47 21 47 29 48 35 11 30 45 16 13 10 33 12 13 31 36 7 15 6 13 22 48 33 3 41 34 2 21 43 14 8 22 10 16 8 1 18 50 44 18 42 29 7 35 48 17 46 40 45 10 28 15 17 13 40 2 6 36 18 13 4 12 32 14 35 10 29 29 27 22 48 35 43 36 35 16 27 29 33 13 19 14 7 47 39 19 40 1 29 15 19 34 3 8 11 44 8 16 13 39 45 43 37 22 32 2 4 33 37 13 37 44 40 48 4 5 11 15 12 50 44 6 46 5 6 6 15 35 40 48 8 49 30 3 5 5 1 50 9 30 45 42 23 1 12 19 34 21 40 10 7 28 1 11 30 14 39 36 13 39 6 8 7 10 13 43 32 36 7 42 9 11 18 32 7 42 14 25 20 7 30 40 22 29 12 6 17 50 31 11 31 14 27 23 39 27 26 5 32 30 39 12 28 1 43 43 35 30 2 30 9 39 11 42 2 36 18 35 6 48 39 29 21 48 26 32 12 31 46 5 10 50 16 12 29 4 39 24 33 27 14 47 48 17 12
9 50 21 15 34 16 9 6 18 34 20 9 23 12 20 50 34 40 39 21 21 39 12 45 37 44 9 2 22 46 36 47 46 24 33 36 32 19 4 12 1 36 35 43 8 40 3 41 29 47 34 38 47 12 19 12 33 3 16 47 45 31 32 21 43 14 7 48 44 25 20 4 40 33 19 20 21 21 42 34 19 28 45 5 44 31 43 8 28 28 48 33 3 37 34 36 12 15 36 33 45 19 31 16 20 39 30 25 13 38 39 29 49 6 19 31 8 48 49 7 8 33 19 25 17 2 44 27 36 10 10 16 25 11 24 6 14 1 50 49 5 8 25 3 17 17 47 33 1 40 12 49 15 16 33 47 38 9 15 35 34 23 32 10 50 21 44 37 30 1 49 19 46 28 6 50 45 42 15 24 15 8 35 49 1 11 4 16 20 40 31 3 42 12 22 13 24 15 5 18 36 18 19 42 30 43 22 30 14 38 14 3 32 22 11 18 36 50 39 41 43 19 43 30 32 28 18 12 34 23 50 34 9 1 7 23 20 43 18 1 29 22 40 27 28 48 9 37 24 20 40 36 48 49 13 13 23 40 35 19 47 29 31 39 11 37 25 17 8 38 45 11 2 13 25 18 40 5 10 33 11 50 6 14 13 4 2 47 38 30 1 49 49 17 11 1 16 34 24 19 4 37 13 45 40 44 8 41 50 8 4 49 22 15 28 28 37 18 18 41 29 48 12 21 48 39 14 43 34 46 41 19 8 17 47 47 35 27 23 29 1 35 11 4
43 15 29 40 24 19 33 23 6 48 17 3 8 7 6 45 39 7 22 5 5 9 5 19 44 27 21 26 40 35 15 25 15 6 22 13 3 43 37 50 23 7 10 25 50 45 44 42 20 24 21 30 49 33 47 24 24 2 41 42 32 27 25 41 17 6 6 39 17 38 47 25 26 34 34 24 29 31 39 46 10 31 26 45 43 26 46 13 11 47 32 4 28 30 22 19 9 20 2 42 9 38 29 39 45 25 39 12 49 18 34 40 38 37 46 16 14 49 13 24 9 37 14 34 36 7 4 3 28 44 5 49 49 8 31 11 7 25 29 7 24 6 38 18 19 40 24 13 5 46 45 8 27 6 44 35 38 38 50 9 23 8 16 18 4 24 2 48 17 20 2 41 44 24 22 30 42 11 5 6 48 4 33 27 24 15 38 6 47 8 14 35 13 4 50 48 15 8 17 2 3 31 29 47 30 2 35 34 11 28 39 32 11 32 28 10 10 30 45 42 23 8 33 17 12 14 18 2 47 11 42 46 32 46 14 47 18 25 6 14 26 3 20 28 11 40 14 33 34 24 14 11 34 24 21 28 32 22 9 36 24 30 41 34 12 9 20 42 31 21 30 23 2 3 10 47 12 32 45 5 9 26 9 41 25 33 44 38 41 49 25 21 40 20 35 5 19 25 11 19 36 5 18 31 37 26 23 16 6 41 47 23 17 44 36 49 17 16 27 33 30 50 49 21 8 4 22 12 46 37 25 16 33 1 39 35 17 10 41 6 8 43 28 21 25 12 24 33 38 38 10 6 44 4 27 15 19 36 2 47 30 15 11 13 40 16 12 4 12 37 33 14 47 40 2 40 15 49 7 29 45 25 35 20 7 38 37 6 22 37 44 22 10 36 31 5 41 33 31 33 43 22 33 29 1 38 37 7 6 19 38 15 21 36 31 44 19 3 1 4 27 46 38 35 12 1 26 8 7 13 24 12 38 22 42 25 22 2 1 7 30 27 8 4 20 13 21 30 2 48 48 27 19 48 15 48 15 12 34 9 13 3 21 25 44 43 38 45 9 31 24 15 9 16 40 31 18 9 43 22 39 5 39 31 16 33 50 36 36 35 6 44 19 41 41 32 7 41 23 15 8 1 6 42 10 12 49 7 7 14 23 46 43 28 3 26 25 24 24 22 46 14 29 49 11 13 38 11 4 47 4 34 38 37 36 37 43 18 10 22 39 29 14 5 44 7 25 20 20 28 35 26 2 27 38 38 19 43 36 20 30 28 13 16 50 47 49 5 33 25 13 33 39 49 21 47 37 37 5 26 5 43 4 13 23 9 49 42 9 20 3 23 18 25 35 2 22 11 6 3 36 18 44 19 8 1 31 37 42 18 5 30 20 31 2 2 16 35 4 14 9 49 39 42 14 17 44 31 35 18 36 14 30 24 50 15 44 41 27 22 8 22 19 17 18 24 18 3 15 16 3 35 31 48 26 38 6 15 44 47 41 7 28 40 13 2 22 17 36 14 50 29 42 41 17 3 44 32 1 41 15 9 37 38 2 34 49 49 16 9 38 45 39 49 23 25 29 5 30 19 12 24 7 6 3 43 16 1 29 7 17 40 45 21 22 34 43 45 27 44 21 27 16 12 14 17 23 17 11 24 42 23 18 1 24 13 47 49 9 10 48 20 12 17 41 39 7 15 43 16 28 25 48 7 50 26 9 33 1 19 3 40 10 30 29 47 3 37 27 37 50 37 13 18 19 26 12 43 30 27 44 40 27 5 29 10 8 18 36 28 21 35 4 38 39 34 45 8 15 4 15 14 20 50 13 30 43 26 18 44 46 29 45 1 49 3 37 50 44 36 33 44 36 39 21 22 14 24 16 38 24 34 9 10 12 6
26 42 14 10 12 42 9 5 8 17 4 5 31 46 17 32 33 14 22 33 13 8 32 28 36 23 50 38 34 30 9 43 37 28 10 2 4 18 46 7 15 44 34 32 17 5 8 5 20 6 4 32 29 18 15 14 31 48 17 20 31 29 6 8 50 35 41 48 4 40 17 6 17 4 2 40 10 38 44 22 18 10 15 49 38 49 2 34 17 16 46 40 29 36 20 38 31 20 37 6 50 32 43 31
8 14 21 2 28 11 39 48 9 20 3 48 3 4 17 44 28 40 47 19 41 42 48 46 39 17 46 28 27 27 39 13 35 36 42 44 17 44 23 4 47 44 21 21 26 48 32 37 48 19 1 1 16 15 8 48 48
29 43 22 18 8 34 48 18 40 41 49 4 21 16 42 30 8 48 43 21 24 3 11 14 13 46 5 34 24 3 11 35 5 43 37 46 43 20 35 10 2 41 30 28 20 4 11 15 20 21 11 3 11 31 10 44 22 29 30 38 17 10 50 43 6 29 21 48 7 16 46 24 37 19 37 11 9 8 30 45 21 9 33 21 46 44 44 50 11 30 20 12 47 43 38 7 2 10 3 42 16 28 50 37 21 9 36 8 14 28 17 22 6 15 50 44 13 48 38 22 44 33 27 27 28 37 15 16 1 16 34 27 44 25 5 33 17 26 42 7 16 32 15 17 43 31 46 44 11 4 41 34 1
34 28 27 45 28 26
17 32 37 4 43 42 28 14 9 12 6 22 5 17 37 12 41 29 42 12 44 8 16 24 29 40 48 32 48 15 34 50 29 20 28 1 1 48 42 29 15 20 9 45 42 50 31 2 15 16 27 49 46 50 38 7 18 25 21 38 16 17 45 47 35 48 42 45 13 31 49 20 13 26 25 31 8 50 23 17 12 18 42 22 11 13 31 20 48 28 36 50 44 13 7 40 19 47 4 1 6 4 1 12 5 50 46 41 31 47 16 11 34 45 32 28 47 49 41 27 21 25 50 40 11 9 30 11 22 13 27 4 9 9 27 5 49 37 49 8 36 30 16 28 22 26 9 32 40 12 38 49 9 14 38 20 15 47 16 24 37 29 9 14 2 44 14 13 23 23 12 33 14 24 33 20 33 25 31 28 36 6 9 37 38 32 11 3 46 23 3 25 8 26 16 22 48 14 2 26 27 16 34 12 9 13 17 29 42 34 4 30 26 17 16 39 44 42 18 42 33 1 8 47 15 37 44 3 32 44 27 12 6 32 31 13 22 41 15 21 46 37 17 2 9 24 3 42 35 10 43 50 1 24 4 1 37 7 28 38 25 28 36 44 7 39 42 11 8 30 29 29 29 24 40 48 17 26 13 6 26 4 41 18 26 30 44 6 27 34 28 20 36 44 36 46 33 23 3 47 50 10 13 37 22 50 34 37 19 19 50 47 19 46 40 3 8 50 13 43 38 39 19 37 9 35 34 38 16 33 34 13 20 27 22 40 34 1 11 1 3 9 18 27 24 50 39 27 41 1 11 42 29 21 21 46 20 30 35 49 2 29 47 2 40 47 42 5 18 1 35 44 23 26 16 12 36 10 33 27 29 44 5 5 47 2 22 22 16 25 32 49 9 24 26 7 16 6 49 47 47 39 5 33 23 12 46 50 17 4 41 38 20 24 16 39 35 24 34 30 49 48 38 17 13 9 27 37 50 48 10 18 24 20 29 15 50 50 26 18 24 40 39 6 29 45 19 9 38 11 9 41 47 1 13 19 14 41 21 20 3 12 45 31 6 18 17 36 3 50 49 25 39 25 2 22 32 26 43 45 7 4 41 46 4 29 22 8 34 21 33 47 8 27 8 38 47 8 9 8 19 30 40 33 2 31 6 33 35 31 37 1 12 9 12 24 2 24 2 27 39 32 23 6 30 26 33 46 40 31 11 12 26 26 24 11 28 46 9 38 30 30 29 5 39 19 21 33 47 35 8 5 28 18 2 35 36 13 13 30 46 42 21 34 36 6 30 49 42 9 34 29 26 47 46 2 34 17 14 36 31 7 27 3 32 31 22 21 35 13 37 44 3
42 12 11 12 42 42 2 18 36 15 50 49 31 23 2 15 30 23 24 47 21 21 10 20 25 44 24 3 24 24 24 40 43 19 6 48 37 46 50 17 44 3 48 12 10 14 27 8 16 25 49 15 32 9 6 44 40 41 31 23 46 36 24 44 34 25 27 9 33 45 22 18 26 40 21 49 46 2 16 8 29 48 28 3 14 11 14 14 31 48 7 40 34 37 6 31 11 19 49 43 12 18 48 50 38 14 26 37 25 18 44 8 47 2 12 2 21 31 46 38 11 18 12 21 3 45 30 18 34 28 38 49 14 18 14 27 44 49 33 37 30 48 43 23 43 45 31 10 16 2 8 37 33 39 43 22 11 4 38 11 23 18 9 9 1 39 11 37 44 3 35 5 37 43 31 42 5 17 6 7 14 42 29 10 46 50 33 42 36 27 33 4 35 9 19 8 16 14 27 29 40 6 18 20 43 47 29 30 31 36 32 47 23 3 40 37 32 14 44 13 11 40 12 18 8 22 42 33 12 47 22 12 5 39 14 17 33 9 16 27 19 15 8 19 43 10 36 47 49 29 34 27 44 35 46 24 8 44 2 43 44 47 27 35 28 9 5 17 40 34 7 13 32 18 26 2 13 36 46 4 13 23 32 50 17 7 44 34 26 44 12 20 29 32 42 39 7 21 45 31 3 11 24 8 50 33 22 1 39 48 32 28 21 22 24 45 12 9 45 33 2 43 41 39 48 31 46 35 3 32 1 39 46 38 49 20 44 32 18 37 5 4 47 36 33 30 23 13 14 13 31 43 9 41 31 17 46 21 20 39 4 22 22 50 11 48 29 45 13 20 44 21 17 1 20 25 30 10 2 37 31 1 47 6 23 16 2 42 40 14 25 3 27 28 26 5 12 26 5 26 37 4 13 28 48 23 32 31 3 27 18 17 15 37 40 37 11 15 2 39 22 23 42 44 45 36 1 17 42 9 23 25 38 29 29 9 34 30 11 12 41 23 33 18 2 16 14 21 29 47 36 41 5 11 39 27 37 50 10 44 40 36 28 24 47 44 42 47 32 21 38 17 7 33 14 37 11 50 5 4 17 1 45 22 43 25 25 42 26 42 2 3 40 34 38 22 36 26 26 36 14 36 34 18 5 33 22 19 17 24 27 34 32 45 23 14 6 10 38 7 18 25 20 46 41 2 29 16 2 44 41 31 20 7 7 2 33 11 1 18 28 43 5 34 16 15 25 22 32 27 40 36 16 29 21 14 12 18 1 41 13 22 36 23 10 33 24 7 3 9 42 19 2 12 35 30 34 22 47 19 23 13 17 43 40 47 11 37 24 12 20 5 49 4 8 11 11 47 7 5 7 8 44 35
23 13 30 6 44 42 14 23 15 13 29 49 32 9 19 36 7 46 25 30 5 41 41 23 3 43 37 15 26 37 11
9 40 38 18 34 31 9 50 29 40 15 7 17 6 36 26 29 10 10 1 4 43 13 16 48 3 18 21 25 20 33 6 25 13 32 50 44 1 6 8 44 7 44 37 48 33 30 30 45 40 24 33 37 5 43 3 13 2 43 21 15 29 6 8 32 1 46 7 39 1 29 45 2 23 3 41 13 21 35 26 49 20 19 35 31 25 12 45 28 34 14 46 26 21 48 47 48 49 23 21 49 32 3 24 8 47 48 43 34 44 7 17 40 7 36 44 34 25 40 12 35 35 44 44 23 9 21 48 47 8 41 34 14 46 2 44 13 24 32 8 30 11 11 13 15 38 2 18 29 16 43 33 40 49 48 12 36 44 43 46 46 26 48 20 19 17 50 14 18 49 33 23 36 33 45 18 14 5 27 4 21 49 40 33 24 16 10 12 36 12 42 20 36 16 7 34 46 4 16 44 32 35 26 13 1 43 39 10 50 11 12 38 18 45 19 15 2 18 34 39 10 42 4 25 33 41 44 24 7 7 19 38 35 20 48 17 9 13 24 29 5 23 14 6 28 12 15 48 37 38 8 10 8 30 28 17 45 38 22 2 24 38 22 47 47 28 16 10 6 32 24 10 18 1 3 29 28 43 14 41 9 4 38 38 48 4 22 32 42 42 35 9 44 40 37 3 44 23 34 23 11 22 34 2 41 14 42 36 31 13 25 34 31 34 13 25 7 18 39 47 6 30 49 12 44 15 31 28 17 27 42 4 27 49 24 19 43 14 22 21 32 23 32 15 48 18 1 47 45 10 41 50 13 16 23 36 42 14 32 6 21 43 9 2 2 28 46 38 50 23 39 48 25 34 6 48 36 9 6 2 29 27 5 24 8 39 44 12 34 27 21 3 27 26 41 6 46 4 2 26 50 8 33 28 36 6 34 9 27 18 9 40 44 30 5 8 33 12 47 8 17 43 15 21 22 4 26 2 12 29 19 37 20 3 15 49 45 21 48 15 11 17 16 14 33 39 46 12 1 25 21 48 9 16 30 14 47 8 43 50 13 19 4 47 25 43 28 12 12 24 35 38 27 13 8 23 25 14 23 17 40 1 37 22 35 47 47 25 50 15 42 38 6 20 26 28 46 32 9 45 18 15 28 4 20 10 38 40 6 5 25 25 35 46 30 26 40 7 34 30 3 2 37 40 16 46 41 1 29 41 33 2 12 35 8 42 36 4 11 48 13 13
17 3 2 28 23 45 42 45 46 12 2 30 36 12 37 48 10 32 48 6 27 42 39 15 49 6 10 11 28 35 14 7 39 46 25 4 41 31 32 19 11 32 15 21 9 16 11 33 2 4 40 22 48 41 34 12 6 19 9 24 31 46 21 10 45 41 30 9 31 50 32 9 43 45 47 28 45 11 42 16 15 44 32 1 23 18 20 36 38 2 14 7 42 32 38 35 9 29 48 41 40 15 22 38 1 13 7 42 21 34 39 6 25 26 6 34 37 4 48 37 1 28 11 34 43 7 48 20 38 45 17 28 39 23 10 21 10 27 17 5 2 6 36 34 38 24 7 36 15 17 44 41 14 12 38 13 30 47 34 45 32 41 49 5 9 6 24 45 17 22 11 43 8 33 11 43 22 50 47 22 2 22 20 25 9 49 24 34 3 33 32 31 24 48 49 11 37 39 23 29 7 34 8 46 39 36 16 50 23 34 31 42 34 48 47 23 37 14 13 50 38 1 33 8 18 39 34 41 32 34 31 2 6 3 35 28 42 35 6 49 27 11 39 25 25 23 48 9 32 17 41 29 24 4 34 14 49 38 10 33 47 50 13 9 23 13 45 24 20 34 12 12 2 8 16 7 34 30 22 19 16 38 11 50 14 44 28 5 49 45 32 7 10 36 19 38 26 35 31 38 19 42 2 18 23 22 36 14 15 3 32 8 35 12 48 12 6 37 50 22 18 40 4 41 15 22 37 34 49 33 2 7 33 34 42 28 49 13 46 27 2 27 28 28 28 4 8 18 29 11 6 45 33 39 14 19 46 13 15 23 48 49 46 26 47 22 30 13 8 2 11 36 6 10 28 1 20 47 9 18 34 35 24 33 5 17 39 10 35 50 33 36 34 6 37 28 46 19 33 50 38 48 13 37 18 26 49 33 3 18 22 17 44 24 11 17 4 44 39 30 36 49 31 29 48 13 23 19 25 32 44 46 31 1 12 6 3 26 1 19 17 37 22 5 16 43 3 21 6 38 12 3 39 47 44 25 41 18 40 7 21 50 24 13 48 50 34 6 22 40 9 39 1 41 38 33 37 41 38 48 8 17 15 36 29 21 4 33 25 25 14 50 30 6 17 24 38 13 32 47 5 24 38 50 38 11 43
10 33 33 25 19 25 17 21 45 33 10 8 25 5 37 9 45 18 6 25 50 20 8 5 43 7 33 24 13 28 44 47 39 42 21 14 19 48 12 22 28 20 25 26 40 28 29 18 10 1 3 32 48 32 16 22 27 46 3 22 9 3 32 19 47 44 43 50 7 4 18 41 22 39 46 44 22 26 38 9 26 8 38 11 39 37 2 32 22 28 41 33 3 29 1 24 7 38 36 3 35 8 38 11 2 48 19 11 22 33 32 2 45 15 9 21 11 42 4 2 29 8 25 17 5 14 2 50 8 40 49 41 23 8 17 5 43 1 5 12 14 7 39 18 19 33 6 18 28 28 19 31 12 3 30 1 27 25 13 22 44 35 26 34 16 43 27 3 12 36 10 23 33 8 25 36 26 17 37 40 27 1 37 18 10 26 45 40 41 49 27 9 28 11 10 1 35 50 10 11 50 17 2 19 28 24 15 39 5 16 48 18 44 18 17 17 23 37 17 9 45 23 19 13 13 35 18 50 13 2 35 20 32 11 41 39 50 2 23 2 26 11 13 39 36 12 14 13 47 7 19 9 26 33 2 29 38 10 24 18 2 10 8 32 29 32 31 48 42 40 23 8 19 28 45 7 28 21 15 2 39 24 31 34 3 25 17 49 34 12 24 26 16 7 43 38 33 40 5 50 24 14 50 41 38 14 40 2 31 25 15 7 47 43 49 27 50 18 16 41 35 45 15 28 12 40 40 28 3 4 30 21 50 34 46 26 34 40 20 7 22 6 21 1 17 31 16 34 32 15 24 25 17 36 48 17 12 30 31 3 42 46 8 11 7 49 3 30 10 47 36 26 39 9 8 28 50 28 24 36 38 24 16 35 17 41 11 36 3 4 26 33 48 44 15 29 29 43 14 41 43 10 26 2 17 38 50 47 44 10 50 37 36 21 6 18 38 31 9 34 26 26 32 4 20 38 50 36 32 43 44 8 5 11 9 21 25 42 42 28 29 1 28 2 50 2 1 16 20 11 20 48 20 36 45 39 5 41 43 34 11 41 19 28 26 4 29 26 23 25 13 11 8 36 41 15 13 46 38 5 25 16 10 9 1 15 10 18 24 26 46 21 46 40 15 37 33 1 49 10 21 13 24 8 25 35 28 3 14 17 41 29 11 7 34 33 26 19 29 50 13 33 39 47 14 19 4 47 17 1 12 3 44 46 6 42 1 1 49 9 14 11 36 21 30 1 49 4 18 27 6 20 23 29 48 24 48 28 31 4 7 8 36 34 7 27 25 12 50 31 43 14 41 39 48 38 48 40 23 40 22 32 43 15 46 24 44 32 10 27 40 45 32 3 41 33 4 40 28 50 32 49 11 6 19 17 7 41 24 3 10 12 23 39 35 37 49 46 26 16 49 50 43 26 1 27 46 31 9 10 40 38 32 3 21 8 13 12 31 30 25 31 45 20 10 3 33 24 19 46 39 15 43 18 8 37 24 32 40 42 35 18 49 48 14 27 15 37 20 32 33 20 17 26 17 33 12 11 36 18 30 25 47 38 28 9 15 13 18 42 40 48 19 43 13 22 16 26 45 27 10 26 42 40 24 32 37 40 30 48 30 41 34 27 24 40 9 42 20 31 4 22 38 50 43 44 49 31 24 3 23 25 21 31 43 19 42 48 36 34 13 30 50 31 5 18 5 26 35 6 46 1 18 30 16 26 44 10 44 44 25 33 9 44 8 26 9 26 3 20 7 44 2 13 10 37 38 17 21 8 7 11 9 7 22 50 46 31 45 34 46 43 40 9 1 6 1 43 9 7 45 11 38 8 41 25 49 30 28 39 27 11 25 1 4 21 31 33 47 13 35 24 34 43 27 49 33 39 30 17 39 18 50 41 10 2 34 4 48 12 41 2 36 43 42 34 8 2 18 42 42 1 2 12 24 19 39 27 10 21 50 33 50 15 1 44 28 7 30 45 46 3 6 43 27 25 20 8 33 29 30 50 21 31 22 46 16 49 9 13 9 33 15 47 35 35 8 39 22 24 46 35 16 34 46 43 50 50 40 6 6 17 49 41 18 49 36 5 21 24 27 43 39 42 9 17 8 32 11 35 36 8 42 45 8 11 39 40 10 9 13 28 46 30 20 15 1 21 33 29 31 23 44 32 34 45 2 24 19 4 37 30 4 48 29 14 9 11 13 49 2 33
10 35 21 23 20 14 17 11 47 18 41 39 10 25 25 11 17 39 45 7 25 27 49 31 39 43 44 3 42 12 21 33 29 1 39 6 40 22 6 31 23 39 23 5 14
23 23 18 22 24 5 36 18 46 36 50 30 43 43 34 7 45 47 24 44 15 22 11 5 24 21 31 36 15 10 18 13 10 49 2 16 8 47 5 3 40 10 8 33 41 33 15 9 39 8 16 20 29 44 6 30 16 30 6 13 10 34 19 1 35 19 27 20 31 4 24 13 39 4 14 26 2 8 34 10 47 14 13 48 3 5 13 22 35 14 9 14 40 24 20 1 2 43 1 41 14 11 35 2 26 7 32 40 16 23 22 48 26 28 33 13 31 48 43 7 49 16 28 40 20 36 23 28 21 44 34 40 42 7 29 49 6 32 25 15 25 15 13 7 5 34 7 20 40 22 46 2 15 20 30 1 36 27 7 36 13 29 7 1 39 3 26 4 18 32 48 24 49 46 5 23 38 28 30 36 45 38 44 36 48 9 9 42 45 46 14 47 1 30 8 35 33 21 44 30 12 27 21 35 26 15 18 6 45 17 10 18 14 1 6 48 23 30 16 20 13 29 18 50 9 26 11 13 46 9 20 2 45 36 38 26 17 19 14 46 47 42 39 50 22 24 12 50 35 11 49 49 48 46 36 42 14 9 44 47 31 37 42 15 20 32 20 32 1 47 16 9 49 44 35 8 37 2 45 32 32 37 16 10 30 18 6 37 13 2 48 17 29 33 14 14 16 50 18 29 15 47 4 17 23 36 25 20 2 38 23 34 28 45 50 35 41 25 2 26 34 28 39 14 18 16 11 13 4 29 11 24 20 24 30 24 13 40 46 36 5 22 40 44 20 18 33 48 17 14 19 29 37 20 50 48 35 9 41 48 6 1 39 34 33 1 45 22 29 45 15 11 26 49 27 33 30 16 49 43 47 13 40 50 21 27 11 9 36 34 32 45 9 39 3 18 13 40 27 5 15 30 7 35 27 38 11 38 47 15 31 13 42 45 5 50 15 17 34 26 42 9 27 2 25 27 12 27 16 47 50 3 40 3 16 26 48 9 18 18 10 17 38 48 1 3 17 22 2 15 13 24 32 21 37 31 6 25 10 16 30 38 28 4 19 40 26 2 12 10 44 19 8 21 14 23 25 2 1 19 45 3 32 47 25 11 30 38 3 33 22 30 5 50 40 4 32 44 39 17 46 48 33 27 17 29 28 26 41 18 3 18 10 10 13 32 3 3 39 3 48 11 40 13 33 41 50 23 23 36 28 18 40 17 50 4 6 37 38 33 18 9 33 26 22 36 24 24 35 2 38 34 20 17 24 14 21 36 1 28 42 4 7 14 11 20 15 9 44 35 41 42 8 9 42 47 16 11 8 26 38 38 4 7 37 36 32 48 5 7 36 20 17 16 10 6 31 25 33 15 44 37 24 6 27 19 8 19 37 42 37 17 3 33 4 29 1 32 45 23 23 33 18 34 34 48 49 10
17 37 23 12 34 50 33 34 14 1 11 37 17 49 47 38 2 14 23 11 28 50 23 21 41 15 6 7 23 40 43 14 11 42 4 7 33 30 42 22 22 45 38 45 20 39 18 28 11 43 9 7 28 38 26 13 40 8 48 1 49 12 45 40 3 16 14 11 2 32 37 46 35 46 48 32 22 39 28 49 38 48 39 1 7 48 48 39 32 20 25 35 14 27 21 7 7 31 3 10 35 13 46 33 30 39 21 36 1 6 32 50 35 19 42 7 25 44 28 16 37 12 25 3 20 21 12 20 8 20 19 31 33 30 14 35 50 14 1 38 31 6 33 9 38 7 32 25 10 12 20 8 50 11 12 31 42 24 45 10 43 46 28 28 4 1 23 37 44 14 33 28 20 14 2 3 21 13 23 29 38 22 15 26 32 32 44 7 6 10 29 18 46 13 16 19 4 8 10 28 50 50 41 42 18 43 23 23 32 5 37 38 2 35 12 29 27 46 16 35 3 47 1 4 14 14 2 24 39 4 34 33 4 47 18 46 6 28 18 22 15 48 47 46 50 7 6 14 21 8 5 30 8 22 31 46 33 23 50 32 16 10 50 7 8 37 25 49 24 36 47 47 36 10 29 13 40 28 29 41 17 36 42 31 45 41 43 39 9 18 6 5 35 1 50 48 14 13 17 1 38 29 2 8 7 15 14 14 8 24 21 27 24 31 38 27 42 5 7 13 37 37 11 1 28 10 26 49 12 26 8 23 10 16 1 39 30 5 41 50 8 25 49 47 13 23 39 32 50 1 26 7 26 12 34 14 42 1 32 32 11 4 10 10 50 41 25 42 6 7 3 38 47 20 50 40 31 11 36 20 34 24 3 40 38 11 41 9 31 43 32 20 39 18 42 23 27 40 34 28 23 15 49 25 39 36 17 23 42 25 17 46 6 16 33 24 37 2 7 31 23 49 38 48 35 33 43 45 30 1 21 24 33 28 35 35 14 41 49 31 36 40 43 23 25 30 13 4 9 29 28 19 23 45 40 9 9 27 24 4 15 35 14 43 13 16 15 8 26 27 36 39 27 13 10 21 2 1 4 13 17 2 7 3 45 34 29 3 35 33 35 45 6 46 45 34 6 24 37 29 41 13 30 5 46 3 19 40 38 31 44 30 21 49 2 1 16 50 39 42 4 16 25 12 46 37 32 38 22 41 14 1 20 20 15 8 38 34 14 5 22 27 26 28 41 39 41 8 10 22
3 21 41 41 9 6 43 50 4 49 2 40 36 11 23 30 27 42 48 14 44 1 15 50 19 27 21 18 45 6 7 48 7 18 8 7 14 25 21 8 47 23
20 5 41 11 49 11 22 9 33 19 23 47 1 32 50 7 16 30 20 34 20 44 44 21 39 8 6 2 41 13 19 27 33 37 15 12 33 28 21 22 2 34 16 17 14 37 49 23 31 25 46 25 19 17 32 21 33 15 28 48 46 16 6 23 7 5 44 2 5 1 9 38 27 29 6 13 6 18 50 44 12 37 40 1 25 10 19 45 49 37 30 30 20 20 24 13 24 19 43 26 30 17 31 9 50 18 38 38 28 35 34 2 30 21 3 24 14 11 14 25 35 8 10 23 41 45 13 20 50 35 22 12 14 28 7 11 20 20 41 7 45 30 12 39 11 13 13 49 43 21 44 38 4 12 23 17 40 6 49 3 28 4 50 13 31 33 26 40 35 39 3 46 14 27 29 23 5 30 43 32 49 23 16 15 22 4 6 44 3 10 48 47 10 35 36 22 12 25 40 17 1 31 1 46 2 45 8 38 18 19 14 42 31 49 27 14 34 10 45 19 30 9 13 15 16 22 1 2 50 4 42 15 27 22 37 6 42 36 1 42 32 14 24 31 31 40 28 3 22 19 24 45 31 50 46 40 23 9 38 37 32 32 15 49 43 47 48 30 42 20 24 1 14 33 10 43 17 48 36 39 3 11 44 36 8 13 13 7 27 14 25 2 30 16 23 45 48 23 47 33 15 27 1 10 17 6 30 50 14 11 38 3 45 29 7 13 4 9 38 41 46 7 8 14 15 20 27 24 25 3 47 32 42 15 22 27 48 37 45 20 50 40 22 19 32 28 35 39 17 3 50 19 14 8 45 49 16 22 27 48 9 1 28 24 34 26 16 22 23 5 38 18 40 4 41 40 44 26 5 32 1 48 47 34 19 43 28 2 10 30 11 41 44 5 27 3 19 11 19 44 17 22 24 37 38 38 27 1 38 29 19 18 38 9 3 3 25 16 15 11 50 2 39 13 8 16 29 25 19 9 40 13 31 28 37 7 9 11 36 3 21 49 31 4 29 24 43 40 17 4 21 45 35 33 18 14 13 46 42 22 49 50 9 16 37 14 14 19 29 41 2 22 41 42 20 35 14 50 41 31 18 49 36 44 22 12 31 24 33 11 11 17 12 47 2 8 44 32 35 49 20 45 17 50 30 37 31 42 37 49 37 6 41 37 23 25 3 23 30 42 22 24 6 34 37 47 36 29 38 38 22 23 22 11 21 27 49 2 41 3 31 10 21 43 36 34 32 26 21 16 28 41 1 37 3 50 35 49 44 38 6 50 32 14 29 31 43 29 33 29 10 6 32 34 16 8 15 46 48 5 7 19 25 36 19 8 12 27 26 45 8 23 24 29 4 35 42 24 38 28 31 21 30 40 1 21 18 43 45 22 17 27 22 32 42 3 24 42 28 20 22 24 13 39 4 6 13 8 17 7 1 36 29 27 38 28 35 7 24 14 32 1 1 42 3 16 48 34 23 26 19 41 40 36 11 14 35 28 6 22 38 5 27 20 39 4 40 13 42 22 6 17 40 43 47 36 1 31 18 45 30 43 27 42 35 14 13 11 11 8 10 3 44 32 24 39 8 47 28 29 38 26 50 35 15 25 3 16 19 34 16 14 6 10 44 40 21 50 42 44 28 20 45 48 47 16 19 29 1 20 18 22 9 25 11 17 17 46 49 46 30 1 20 41 20 1 6 39 16 12 11 12 17 21 42 13 13 3 12 33 30 12 10 22 35 44 17 15 42 18 40 14 16 14 36 13 26 31 27 37 27 25 28 47 16 48 31 34 29 7 37 1 1 27 27 18 18 1 40 47 3 19 42 12 46 50 27 9 47 15 1 49 5 32 49 21 16 50 34 38 14 46 42 40 38 50 31 5 34 30 20 33 50 29 43 18 47 39 34 35 30 5 43 18 47 46 39 15 37 32 21 39 35 1 31 42 4 6 7 26 50 13 27 7 48 29 13 38 6 21 5 17 24 44 36 35 39 36 3 39 6 24 14 28 8 31 29 15 9 20 33 20 39 22 17 14 11 22 24 48 28 48 15 45 48 34 2 45 39 45 48 7 12 49 49 5 2 32 16 20 42
7 17 3 28 48 16 36 13 32 48 48 13 34 23 14 20 15 19 34 5 50 36 12 49 2 49 36 43 2 41 50 7 6 14 22 42 48 43 48 38 11 23 30 33 12 48 5 30 14 10 9 40 23 36 32 49 45 31 5 22 12 22 21 3 28 24 35 35 35 25 45 19 44 39 18 41 1
48 13 40 36 48 45 17 27 50 41 18 21 42 22 6 35 3 45 3 4 7 40 16 8 21
23 19 26 43 26 43 26 28 24 19 46 16 29 14 27 15 23 12 44 1 31 31 16 4 34 19 24 13 37 43 40 30 8 4 6 25 38 50 30 25 13 27 45 1 29 20 2 49 8 28 30 21 2 18 23 20 29 8 1 34 12 11 47 1 13 25 48 15 3 25 8 19 26 48 12 1 16 20 26 22 5 22 20 14 38
23 29 2 40 5 16 29 47 10 32 15 11 45 25 4 48 29 48 45 15 28 17 11 4 23 6 37 40 34 36 4 13 21 40 38 19 20 12 2 40 7 17 25 4 12 6 41 25 8 19 45 49 19 34 14 44 23 30 37 3 20 40 13 23 26 7 26 15 30 24 28
30 7 24 41 48 35 9 49 36 1 43 20 45 19 39 26 6 10 21 17 38 46 8 10 23 21 27 29 11 46 15 40 50 26 6 33 25 43 30 34 33 9 36 8 27 46 38 8 43 38 20 29 50 45 2 6 5 38 28 27 13 30 6 1 32 40 33 8 50 17 41 16 2 5 42 39 10 35 1 31
17 25 9 9 37 19 35 36 7 49 35 14 11 39 50 8 46 42 9 2 6 3 24 1 41 43 11 22 8 17 29 45 3 48 11 11 31
47 42 8 22 48 9 18 49 28 22 10 13 30 32 49 9 12 16 38 1 6
36 48 21 42 46 45 41 46 2 42 10 42 50 37 11 39 27 48 42 39 2 39 19 42 2 21 37 47 35 20 20 16 13 36 37 20 47 7 6 13 15 38 34 17 19 14 12 5 42 32 20 15 17 50 44 37 34 50 25 27 14 42 1 45 35 11 6 35 37 21 28 46 24 30 2 39 33 42 2 7 6 32 29 7 36 32 22 19 24 33 48 21 45 42 23 46 37 9 3 50 47 41
40 15 34 46 48 2 1 29 9 6 7 5 45 28 41 30 3 23 12 32 31 22 40 1 9 5 33 31 42 18 23 30 21 2 14 18 26 35 11 35 16 33 2 4 18 41 7 23 3 30 50 46 37 12 42 6 1 26 20 12 25 36 7 18 29 40 3 25 13 22 44 20 15 32 13 40 15 3 34 49 15 39 26 3 48 21 7 40 15 23 49 21 9 43 49 47
13 39 27 9 3
36 38 43 27 9 24 33 6 44 27 34 10 23 7 6 5 26 11 2 23 37 24 39 42 45 20 27 4 44 48 31 13 3 49 47 44 28 46 29 13 22 41 5 16 49 4 8 38 47 39 28 25 36 11 19 50 25 19 36
40 35 49 7 36 3 17 49 37 29 37 39 50 3 25 18 4 9 33 23 38 14 9 28 19 4 19 23 33 11 21 14 40 47 29 48 34 23 8 42 38 30 5 14 44 39 17 25 18 26 33 4 28 3 34 1 46 34 6 30 24 49 43 36 2 36 29 32 24 12 43 6 17 11 14 10 26 17 11 30 34 45 13 32 34 46 18 34 43 20 13 26 36 27 7 46 12 5 19 47 40 37 32 37 44 50 6 19 7 21 34 3 38 18 29 23 38 15 28 16 44 37 34 9 27 47 25 9 20 48 48 11 43 2 26 17 29 9 31 45 8 21 16 30 12 29 31 15 6 26 3 47 11 27 10 30 43 35 28 20 48 10 50 32 20 32 28 41 13 26 30 35 11 5 27 16 2 48 6 12 32 50 29 49 25 28 26 48 41 44 41 48 3 1 14 23 8 31 19 23 23 17 4 48 19 14 12 46 30 14 12 20 16 30 43 28 33 48 20 13 9 6 43 36 48 19 11 1 37 49 15 18 46 43 2 7 31 42 22 18 35 11 35 39 14 13 32 9 20 26 49 40 4 25 41 49 15 14 50 11 37 42 24 9 28 41 50 17 43 1 18 15 29 2 14 48 45 2 21 16 37 14 42 18 48 16 25 32 39 37 43 18 33 4 14 24 35 17 14 25 33 30 40 38 45 39 23 29 13 50 3 17 40 12 1 15 46 25 39 22 11 38 5 15 26 16 46 19 35 22 27 36 20 12 34 19 44 15 15 38 44 3 12 32 44 30 1 1 47 29 25 3 49 3 49 20 37 16 40 27 35 19 9 50 49 35 8 23 15 47 3 21 32 48 33 41 34 18 37 39 20 32 34 49 13 15 50 43 41 39 25 49 30 20 4 6 38 11 3 30 10 50 20 18 15 4 24 26 15 22 21 44 30 23 44 23 48 26 14 44 36 1 28 48 1 10 40 9 30 4 32 36 5 43 8 8 2 28 2 17 22 40 41 9 43 42 8 35 23 20 32 5 30 17 43 6 39 8 11 13 46 9 20 10 43 31 38 10 4 4 44 2 14 29 50 29 21 47 21 48 37 48 13 35 31 2 20 35 40 46 3 5 22 33 3 33 15 38 32 46 2 22 22 38 31 32 41 35 17 44 41 38 19 36 43 24 9 36 28 2 26 33 44 25 49 50 28 45 42 3 47 22 7 9 8 12 4 17 33 1 48 25 37 1 42 34 19 47 45 48 3 9 16 23 50 25 40 19 25 17 39 30 4 7 31 2 35 33 18 11 28 12 32 45 2 50 11 11 3 3 40 35 41 29 27 20 21 10 33 43 32 50 42 40 50 8 41 16 32 17 49 38 28 26 14 39 34 2 34 21 2 36 5 33 37 28 9 44 37 5 11 4 22 24 28 18 10 27 17 26 6 3 32 5 12 46 6 45 8 2 33 31 23 14 23 14 40 20 38 23 46 4 24 34 5 10 22 19 31 9 21 7 34 29 17 1 9 3 12 36 17 5 4 13 20 28 40 17 23 9 19 21 47 5 47 19 35 38 42 1 43 42 35 30 44 19 15 45 5 45 27 36 49 4 33 12 17 27 26 42 44 13 15 13 32 46 45 33 12 49 4 29 9 37 35 4 10 20 35 20 24 27 44 7 20 40 19 37 8 23 8 33 50 20 21 44 31 22 32 42 24 39 49 13 36 29 48 36 1 36 19 38 19 21 25 34 24 13 16 26 28 6 15 37 21 4 24 36 21 11 47 40 16 44 13 13 47 44 43 45 5 4 37 6 6 6 44 25 26 35 22 38 43 17 6 33 21 5 46 14 39 38 29 16 17 13 38 14 7 42 14 12 37 40 39 32 43 7 15 39 14 14 14 18 22 50 29 38 23 2 23 18 13 46 22 10 7 48 18 32 32 5 3 50 9 6 38 4 45 24 38 36 42 34 5 8 21 39 47 40 23 36 39 49 13 14 29 23 43 45 13 13 40 41 2 12 32 39 18 7 4 22 23 43 28 23 21 24 25 3 14 6 6 50 13 31 11 37 50 5 44 21 10 36 17 48 13 21 29 17 17 48 25 34 11 33 29 38 38 45 24 29 5 22 45 19 26 11 4 17 12 10 36 4 3 34 4 39 35 29 19 23 50 50 36 34 35 20 30 14 3 18 34
14 24 50 41 32 2 39 28 27 48 7 32 12 22 29 27 24 39 43 26 50 27 45 49 30 7 49 45 7 49 43 13 13 4 16 46 29 18 50 43 10 26 22 17 2 31 38 30 32 49 28 43 8 1 7 30 28 35 46 3 37 44 27 8 2 48 43 36 37 15 6 34 13 21 37 6 30 33 8 32 43 43 4 39 12 13 25 15 33 29 28 20 22 39 6 6 33 48 4 35 4 33 50 48 21 23 14 3 13 6 13 43 27 28 23 18 38 19 25 7 35 5 45 30 41 8 10 41 32 37 16 20 13 34 40 10 44 22 45 31 26 4 27 20 19 11 20 20 27 14 19 19 1 27 49 38 12 27 37 26 12 26 24 29 42 3 19 50 15 31 36 7 26 4 29 41 33 40 38 14 45 2 44 12 35 36 25 33 18 42 8 37 18 18 49 22 14 14 11 37 22 36 38 38 29 43 7 49 15 30 26 18 2 40 23 5 50 1 47 30 16 2 26 26 27 18 21 19 27 18 1 34 50 3 5 17 21 21 38 27 23 49 46 20 35 29 50 5 20 2 16 40 22 48 47 16 16 12 4 18 31 22 49 48 27 13 34 17 42 15 7 6 19 14 27 44 7 49 45 1 49 48 11 6 3 32 13 29 16 19 48 20 47 47 32 41 42 35 32 46 7 9 28 15 24 9 5 38 42 35 17 2 41 7 34 9 32 34 2 11 25 27 15 33 26 7 45 33 48 14 3 15 2 35 12 7 14 12 48 12 22 7 42 5 23 49 38 24 35 31 36 14 32 8 25 9 44 3 45 4 22 47 11 13 8 7 7 11 26 17 29 36 15 37 2 37 25 5 41 27 49 33 2 28 3 43 21 11 6 46 42 34 8 44 2 18 49 2 21 6 31 38 46 47 21 18 46 27 37 11 36 27 40 14 8 38 48 39 17 33 31 11 7 19 15 32 42 37 46 25 7 48 22 22 42 3 20 12 29 7 39 39 3 10 43 26 20 40 49 39 48 22 20 37 25 39 28 9 9 10 18 13 31 7 40 39 43 31 49 45 33 11 14 28 6 26 48 28 16 23 50 23 22 31 42 36 3 48 23 9 31 16 43 9 42 11 40 17 21 9 41 14 32 30 34 20 1 25 32 29 38 11 41 34 47 47 29 31 7 48 1 32 20 34 34 31 45 23 45 42 29 9 13 41 23 47 40 7 9 18 26 32 38 19 15 50 43 33 37 4 36 3 2 50 46 8 41 47 42 2 41 46 33 38 6 11 25 27 28 45 29 14 4 15 28 27 16 26 49 14 10 32 31 18 19 47 1 18 13 25 33 33 13 50 6 1 25 8 38 5 8 8 17 7 17 27 3 12 20 46 32 8 47 16 34 26 28 10 35 22 1 32 16 46 40 48 46 38 7 47 48 29 3 18 12 38 11 32 44 5 44 42 11 5 31 43 45 1 45 11 6 26 20 42 4 32 5 5 36 30 35 43 26 39 20 20 12 20 5 45 5 17 50 12 24 43 28 26 50 26 37 49 33 13 19 16 17 32 40 23 39 5 29 31 5 17 49 37 21 44 40 30 4 28 15 26 12 36 28 15 27 40 2 39 47 31 42 3 20 22 2 1 45 38 25 21 46 6 2 2 14 25 20 2 28 24 31 35 13 22 46 41 46 24 16 49 6 44 15 27 17 50 36 46 2 36 29 47 28 30 17 11 17 13 8 23 8 21 28 50 11 14 23 50 46 13 21 17 6 19 46 17 26 50 24 34 47 4 15 42 42 24 41 34 21 49 49 38 34 41 26 33 41 22 40 31 18 9 26 46 6 37 13 14 20 29 24 3 42 30 4 16 32 21 1 10 48 34 27 43 14 39 21 15 9 7 35 21 36 30 30 16 2 34 14 41 35 21 26 45 13 47 37 17 33 22 4 45 7 45 27 1 29 14 2 33 35 23 33 9 38 9 16 28 22 36 3 36 1 6 17 42 17 29 3 2 49 29 25 10 50 2 20 25 39 38 33 33 2 35 28 32 16 16 50 6 7 18 47 1 2 41 49 32 21 46 8 24 37 21 11 1 39 36 46 28 37 49 35 40 43 44 50 19 2 49 27 21 49 38 21 36 33 10
19 33 13 4 15 1 31 38 12 18 25 21 37 1 29 37 7 40 5 36 19 14 31 47 30 7 14 21 17 47 46 5 41 4 11 35 43 7 6 50 35 39 4 17 32 5 23 7 1 43 5 43 6 5 3 19 12 39 30 7 19 26 46 42 32 43 45 3
41 45 36 15 25 24 24 44 32 14 42 6 34 21 28 30 7 50 40 36 49 48 11 33 12
16 40 50 34 46 27 17 26 24
31 37 16 17 38 45 38 3 32 2 11 36 35 22 27 32 1 9 21 31 47 17 5 44 2 6 30 46 41 8 40 3 16 17 2 23 13 12 40 48 14 7 29 42 29 7 29 50 9 20 41 10 35 23 1 19 34 31 10 32 42 3 18 28 40 6 3 49 30 31 16 31 24 11 1 10 21 1 26 33 3 11 29 19 40 2 20 15 9 24 50 20 7 17 17 49 20 46 18 48 26 34 43 50 22 24 3 23 31 15 14 14 7 5 41 6 11 5 38 13 27 36 35 25 30 17 4 46 29 27 45 1 7 32 14 17 9 9 4 43 20 32 20 21 26 8 46 14 23 35
40 6 25 4 39 17 20 36 49 22 11 10 25 13 38 41 32 21 21 33 45 19 44 42 14 40 12 26 41 21 30 49 50 5 31 45 1 49 4 6 28 20 28 48 39 15 22 10 17 7 32 44 9 26 7 23 21 34 37 16 38 29 30 1 22
3 43 44 19 39 39 15 16 10 2 39 31 9 14 7 32 7 16 35 18 36 41 9 37 41 15 46 49 17 36 5 19 40 7 47 37 21 1 2 26 31 26 49 8 6 38 35 28 47 27 43 49 26 45 2 37 38 16 39 3 24 11 41 10 38 9 4 18 35 21 39 32 50 19 50 47 45 50 38 11 21 39 8 50 13 2 7 18 41 23 30 36 40 18 22 45 21 29 20 25 1 39 26 50 2 17 9 37 4 39 14 25 31 4 35 6 27 5 21 49 7 47 6 13 9 48 4 42 42 32 18 24 12 5 35 44 50 17 2 15 49 10 36 40 26 30 3 21 2 23 4 36 10 21 12 6 10 7 12 7 32 3 15 15 42 34 38 21 33 24 36 40 25 12 46 22 24 22 2 33 1 18 22 18 43 31 31 33 21 46 10 2 19 27 4 7 50 9 3 17 44 24 17 6 25 50 43 4 35 18 9 15 27 39 49 35 49 34 9 12 12 45 26 43 12 10 28 27 25 38 45 31 50 25 13 41 19 13 45 36 5 24 16 23 47 7 6 30 16 3 6 36 5 24 6 33 48 12 47 34 17 43 30 19 14 34 44 25 27 49 14 41 44 30 1 41 36 16 37 29 12 21 26 3 47 6 28 20 36 30 13 16 16 8 23 34 26 48 33 12 33 32 26 14 32 30 17 28 44 42 12 8 14 49 22 36 7 32 21 4 40 40 42 18 21 3 18 35 24 29 39 6 2 25 41 49 10 26 23 19 17 2 6 3 13 11 14 14 14 30 9 39 38 21 46 32 10 48 23 46 18 10 33 6 11 34 17 42 47 42 30 6 1 14 22 34 12 21 35 5 40 41 15 12 14 18 33 27 1 9 35 16 18 33 36 11 11 37 11 45 45
30 1 9 37 31 10 38 35 23 2 11 7 32 25 47 14 49 47 33 48 29 35 40 17 32 33 5 28 23 48 17 10 26 37 7 29 7 19 45 20 41 49 15 24 10 24 27 36 8 45 14 13 46 25 18 50 42 10 30 5 42 29 27 40 1 25 28 35 23 7 16 39 3 10 33 43 48 38 4 24 36 32 29 36 41 10 21 22 4 39 22 19 3 40 11 6 14 20 15 11 22 34 1 26 6 22 27 16 30 19 29 4 16 43 33 27 41 20 19 20 13 23 26 23 40 26 4 36 3 32 29 17 45 7 21 41 45 3 22 24 3 4 22 49 9 24 9 8 30 11 21 38 48 29 42 46 10 37 25 40 47 17 36 30 29 8 27 22 27 33 36 30 36 20 9 12 29 1 4 18 48 38 9 6 33 39 38 45 3 39 8 12 9 41 34 17 50 47 1 36 20 9 17 31 39 14 8 30 19 47 1 16 33 12 41 23 10 3 13 41 40 33 40 37 47 42 9 25 17 32 2 34 45 6 37 48 46 17 32 2 4 33 45 18 18 35 41 15 36 22 9 8 6 39 14 33 29 18 11 27 30 1 32 29 50 14 39 46 11 36 3 10 7 25 29 40 18 34 29 34 3 26 30 19 15 21 31 41 32 33 10 6 12 12 11 3 22 29 23 40 4 17 31 12 45 38 12 27 8 11 19 10 3 8 42 13 19 48 15 40 8 42 34 4 1 37 8 6 6 30 50 16 20 21 49 7 14 46 7 1 20 9 22 38 14 16 14 40 31 22 13 12 15 1 25 36 46 23 11 32 10 15 38 4 5 3 29 23 15 32 19 9 31 18 47 19 26 49 48 33 39 21 26 37 27 19 12 35 50 29 1 18 49 43 31 10 25 30 34 49 38 25 17 11 39 29 14 15 17 49 23 38 5 40 35 25 9 20 27 14 2 34 11 8 33 28 2 42 42 7 37 9 32 12 43 5 22 9 35 3 35 25 27 28 29 15 44 13 27 36 34 27 29 11 11 42 28 24 48 33 9 49 33 14 28 26 25 37 24 24 16 36 50 46 42 2 21 26 23 9 35 49 25 5 17 18 36 10 35 18 28 1 38 7 40 40 30 12 18 18 34 33 47 48 18 1 14 15 23 43 38 23 45 40 46 43 13 23 33 25 25 12 12 21 11 1 26 31 38 15 25 7 43 17 10 25 31 24 36 45 34 44 22 40 1 29
30 40 46 5 7 6 49 13 21 44 8 46 49 16 16 8 46 45 34 45 43 43 50 27 41 47 19 38 21 14 40 7 23 5 38 33 37 15 20 33 9 29 18 21 32 6 22 18 20 20 22 16 39 7 24 43 6 14 17 7 23 42 40 31 30 16 30 11 11 39 40 17 42 20 8 26 28 33 33 26 11 17 17 34 24 9 22 35 34 44 48 27 28 7 44 14 41 39 23 5 47 42 48 1 41 39 16 32 30 40 38 7 30 16 12 10 28 22 19 46 50 16 12 32 33 21 16 42 15 13 50 6 6 49 37 16 2 39 20 9 3 33 41 46 48 27 5 7 10 3 35 45 13 31 8 28 4 42 20 30 19 37 14 31 6 42 28 23 8 18 1 2 18 28 49 28 28 4 47 1 1 37 26 31 26 37 24 15 35 7 46 29 8 11 30 10 26 11 43 17 10 50 13 46 7 7 11 48 17 3 24 29 25 27 22 23 33 29 3 11 39 9 24 11 27 5 23 6 41 7 24 8 40 26 45 37 19 38 17 30 45 6 13 38 20 4 7 30 40 18 48 27 3 24 4 24 46 20 13 34 22 27 21 16 13 16 17 3 9 5 15 38 34 40 40 38 38 42 50 19 21 13 46 29 21 11 16 33 32 10 15 1 50 3 15 44 48 21 5 40 19 49 9 5 28 20 13 19 14 48 24 4 19 7 6 8 34 23 41 11 13 48 25 38 13 4 5 43 40 9 22 47 49 21 16 3 47 38 20 39 43 18 27 25 17 5 34 43 28 4 35 23 32 35 36 2 28 26 48 24 3 42 3 13 40 25 22 34 7 9 8 10 24 3 37 13 12 3 48 10 2 6 41 4 39 7 12 31 23 28 36 46 45 37 38 38 47 3 28 47 42 44 31 12 25 39 17 50 43 41 25 25 33 36 37 25 21 8 1 5 20 42 45 34 22 35 14 26 8 46 36 20 22 43 20 5 26 43 21 14 14 40 46 2 12 25 27 4 16 17 26 41 42 19 22 15 48 43 37 21 20 41 37 29 5 1 48 1 33 20 24 13 34 45 44 25 4 41 21 32 3 49 42 50 32 42 44 19 28 12 40 14 25 40 3 32 41 20 18 19 50 39 42 3 18 26 39 15 46 34 31 50 28 17 15 8 34 18 24 24 42 9 25 40 2 30 26 11 37 9 15 17 20 34 23 25 11 29 7 41 33 4 19 34 29 49 49 48 43 26 48 12 1 25 47 20 19 46 15 49 9 49 27 4 27 47 29 32 17 8 29 40 22 12 27 31 47 43 39 28 37 31 47 8 1 15 29 39 25 26 47 8 14 29 39 48 15 16 26 47 43 22 44 18 15 30 44 10 44 18 40 41 35 26 36 30 17 29 9 22 25 34 2 18 10 5 5 9 40 5 8 29 12 46 2 16 46 17 24 12 27 46 2 42 37 19 28 18 16 31 34 37 11 5 2 24 10 18 10 39 42 21 4 31 2 22 33 26 35 40 12 49 17 20 22 16 10 22 25 18 47 15 46 47 6 14 41 40 24 45 5 22 14 35 35 30 19 5 21 47 22 30 4 32 32 4 4 25 42 10 40 20 8 19 46 19 24 44 32 18 17 23 38 26 32 23 28 9 21 5 38 32 30 34 22 18 20 44 25 22 39 17 40 27 18 2 50 11 8 9 8 28 6 30 19 47 13 4 17 22 10 21 7 8 8 40 30 7 26 24 49 19 4 48 23 18 28 28 8 45 5 45 48 41 47 46 10 28 30 19 23 20 11 50 42 44 36 4 14 41 37 22 37 44 19 9 36 9 43 21 37 27 50 11 47 6 27 30 31 49 44 17 10 2 20 27 9 17 22 42 27 28 41 6 25 38 26 40 34 40 11 5 24 26 18 45 16 26 5 10 39 40 34 43 30 14 41 44 38 35 15 40 11 19 42 18 30 45 19 13 31 18 31 42 14 45 43 8 42 48 31 37 7 13 41 32 49 10 5 37 8 19 19 42 23 30 27 15 38 13 14 20 4 47 31 25 27 36 4 7
3 45 2 42 24 44 40 38 43 41 17 1 13 35 38 22 15 22 7 18 3 19 37 26 4 24 47 18 17 48 21 35 6 38 22 5 22 12 49 21 20 1 1 23 33 21 36 2 10 15 19 29 38 16 31 20 42 49 14 17 45 21 33 18 29 10 11 48 15 29 25 46 25 43 28 2 14 43 45 22 5 32 9 3 24 49 45 50 40 40 41 26 15 27 7 23 48 13 9 16 7 38 9 26 43 36 18 13 3 44 7 6 19 26 19 8 49 16 48 29 19 26 44 8 5 30 23 17 35 41 50 30 24 46 22 25 6 11 44 35 34 35 36 49 3 40 15 44 3 34 33 37 12 2 33 13 37 34 14 45 12 13 20 11 7 50 5 20 20 33 34 34 47 45 44 35 3 13 31 2 32 30 43 33 18 7 35 48 18 13 11 22 36 46 10 22 49 16 16 12 10 17 8 41 49 35 8 8 23 12 32 29 28 40 14 28 24 49 23 50 43 26 2 19 14 40 11 20 4 29 2 25 27 33 39 7 10 7 41 15 44 13 9 16 27 35 5 6 50 15 38 10 30 27 18 9 43 23 48 25 5 37 2 24 49 2 15 14 14 40 19 41 34 38 7 16 16 1 37 34 40 29 18 17 3 19 12 11 47 18 38 38 50 43 9 16 5 39 27 31 28 28 45 29 38 32 21 15 25 35 34 35 44 19 23 33 40 46 22 10 48 48 16 18 41 27 11 9 38 46 5 7 39 39 5 21 8 6 1 5 6 15 3 39 28 34 19 1 25 28 48 14 34 46 2 6 47 21 47 31 37 26 40 43 13 45 26 10 41 36 50 48 8 9 6 24 5 16 2 17 17 14 43 27 18 25 7 1 50 32 19 17 5 27 41 49 32 40 24 48 43 20 45 39 33 15 32 22 7 2 3 2 24 16 26 37 31 15 35 32 1 19 15 7 1 5 7 39 37 40 28 38 45 29 38 12 11 28 6 32 12 45 13 21 44 4 39 30 29 21 41 14 14 27 28 36 30 29 4 9 7 1 24 38 15 9 35 41 12 24 16 10 22 32 1 13 50 21 14 19 8 20 33 20 20 46 42 50 47 13 37 20 26 17 44 23 46 30 14 29 11 4 29 48 35 42 33 36 25 18 38 31 21 21 49 44 6 42 30 14 8 50 39 15 21 35 38 40 10 8 37 24 19 4 44 38 29 46 43 3 26 38
49 10 45 44 31 29 2
10 2 3 37 48 16 32 2 20 7 17 45 30 40 37 24 37 33 38 24 4 24 28 22 22 35 6 23 27 22 7 7 46 13 21 8 39 17 12 38 41 46 49 21 29 12 11 21 5 43 6 48 40 24 1 1 37 23 10 13 17 35 16 12 13 14 14 37 19 7 41 15 21 4 12 13 23 35 44 8 3 49 9 44 32 40 42 47 4 14 47 35 15 33 46 1 46 28 43 41 12 35 31 35 21 44 39 19 27 41 2 38 38 19 4 40 9 6 2 38 32 50 18 7 36 27 22 25 46 32 17 33 43 15 3 42 21 14 28 30 23 42 2 23 32 7 6 21 31 41 17 38 46 12 14 42 31 49 40 7 11 45 19 46 14 29 17 22 24 39 40 43 29 7 11 32 48 35 40 30 16 49 5 49 25 27 14 23 13 32 47 8 36 44 19 35 42 20 45 36 49 41 21 38 50 9 12 46 18 15 24 28 41 38 20 49 36
25 2 37 30 31 2 26 5 6 1 4 3 26 1 1 13 43 39 48 25 4 26 36 8 38 22 5 41 17 31 4 43 44 10 46 2 41 45 2 7 7 4 4 43 31 7 38 31 32 14 43 19 49 7 2 43 34 10 47 24 40 50 10 6 20 37 11 14 13 23 39 11 19 7 21 49 29 4 42 18 10 4 7 19 13 14 37 3 36 3 11 34 13 48 26 42 22 20 35 10 47 6 30 25 37 16 42 4 2 14 6 20 23 32 15 37 47 41 32 14 27 19 20 2 21 33 11 37 44 25 29 6 48 19 28 22 21 6 48 11 17 42 14 9 29 11 9 10 48 35 5 50 9 31 32 22 37 28 14 4 50 47 26 38 48 1 30 25 15 12 27 30 13 29 30 30 40 37 20 5 34 13 17 3 50 15 35 28 49 15 26 21 5 33 32 19 46 22 34 24 28 16 19 26 29 2 49 33 12 3 23 10 14 25 50 15 38 16 18 5 30 33 18 40 34 20 16 11 50 11 31 9 4 1 8 14 4 36 5 11 41 35 33 8 45 50 41 13 49 1 2 49 4 4 19 15 31 46 10 22 27 35 18 19 12 41 48 8 21 43 50 6 14 45 14 15 9 2 39 31 49 6 30 37 41 47 42 48 3 40 8 37 43 39 18 6 43 46 8 15 36 28 48 18 27 49 13 37 2 29 19 1 36 15 2 31 31 24 49 2 48 8 9 1 27 9 1 9 9 14 29 36 16 12 42 25 10 29 39 48 28 38 3 40 18 1 17 5 21 32 42 42 35 22 13 3 17 45 14 10 24 46 44 31 14 17 11 21 20 21 42 17 5 37 15 33 24 15 44 14 12 26 35 23 39 22 34 41 49 15 11 29 35 11 15 21 29 35 42 9 4 29 36 25 49 10 8 24 20 16 38 15 31 22 2 42 43 33 47 47 4 13 4 15 36 31 32 23 28 39 1 24 16 33 28 30 45 22 47 38 45 30 45 7 21 15 19 43 29 32 32 44 6 42 19 11 7 48 25 41 29 42 17 14 17 27 27 10 36 9 50 2 42 48 35 13 28 8 1 36 50 28 35 46 30 13 37 22 43 1 26 25 41 44 29 47 46 29 41 28 17 22 17 18 20 4 38 42 27 50 9 5 35 9 18 18 25 13 31 11 47 9 41 17 21 42 17 32 7 26 2 3 20 31 2 15 13 45 50 20 40 41 13 39 32 42 6 49 2 24 33 42 34 35 42 46 24 12 9 7 36 34 29 4 47 28 32 38 15 36 35 30 48 1 45 27 23 21 21 45 22 6 30 28 26 45 5 18 23 29 38 17 9 37 20 8 43 28 1 16 35 13 47 50 11 38 16 42 17 50 11 48 49 20 49 48 24 24 13 40 7 31 2 40 13 7 21 48 16 18 37 6 8 10 13 9 35 43 39 42 17 16 24 21 32 2 28 7 40 15 2 14 15 20 21 25 26 35 26 15 6 22 26 47 38 35 2 5 12 31 48 33 39 21 40 1 6 33 3 35 18 49 1 26 18 25 6 50 3 25 33 42 27 25 26 30 11 11 12 44 3 26 35 17 32 5 50 7 13 14 9 40 50 16 31 4 25 25 20 10 48 20 48 45 28 44 41 8 16 34 34 34 8 48 6 9 29 1 2 41 10 43 44 3 45 35 37 44 3 27 24 4 16 39 2 39 45 8 31 2 41 5 19 10 45 37 33 16 1 46 37 49 1 18 18 32 17 44 13 45 41 25 45 26 7 19 39 48 15 5 42 32 2 1 5 24 1 24 2 6 25 30 31 37 50 20 48 5 5 17 9 13 31 31 13 26 42 11 33 22 26 1 29 19 20 37 25 11 46 21 30 5 16 40 36 50 7 30 24 1 25 21 44 20 38 4 20 12 31 23 9 24 19 14 21 8 3 2 39 21 45 47 14 7 25 49 7 1 34 26 30 8 36 40 5 18 36 20 16 45 50 29 8 37 26
48 11 27 15 32 30 33 30 37 27 26 14 48 3 10 16 44 50 28 48 30 22 26 7 37 33 42 35 42 47 29 33 32 30 40 19 22 48 22 21 10
24 46 42 38 22 37 11 47 34 13 17 27 35 6 42 21 43 11 4 38 4 39 19 20 43 5 5 2 4 3 15 10 25 2 36 15 32 15 2 4 23 19 6 8 24 40 18 18 8 35 46 26 4 31 11 7 7 47 46 12 46 3 5 48 38 13 46 8 43 42 10 15 48 33 11 36 11 12 14 45 7 21 13 16 45 28 45 25 36 29 10 50 46 45 46 29 17 31 33 33 40 12 19 20 14 30 1 1 29 14 13 20 17 43 50 10 12 34 7 2 16 8 29 30 19 24 42 14 21 39 10 7 9 42 39 5 28 36 38 38 26 2 8 45 40 10 27 41 18 33 22 3 48 10 24 1 36 31 4 30 41 2 11 48 8 13 33 46 44 46 32 11 45 44 17 27 8 6 49 37 31 37 41 13 21 47 42 39 18 48 35 18 43 15 34 35 35 1 1 23 41 35 50 17 38 42 5 46 50 38 41 13 12 8 17 2 8 47 35 11 48 14 25 17 2 5 36 37 3 18 26 9 29 49 41 11 1 25 34 33 25 23 13 46 7 36 29 13 20 50 29 20 43 49 35 20 15 26 21 41 6 39 29 6 39 41 5 41 49 26 28 11 40 35 7 20 6 24 39 19 25 14 49 46 8 39 26 8 20 5 45 25 21 48 22 47 10 31 32 26 1 16 28 32 41 32 36 3 11 28 29 7 50 44 14 21 49 32 35 17 17 29 14 35 6 29 5 30 28 8 41 20 7 21 11 35 25 45 14 31 11 12 8 26 14 42 11 2 6 42 18 48 13 28 31 12 9 39 25 50 6 34 21 11 5 10 39 17 24 14 4 49 49 37 15 9 38 46 34 39 21 30 35 10 36 9 40 40 38 13 31 21 26 31 28 46 9 22 1 44 45 17 5 41 1 15 12 28 10 20 36 19 39 18 20 15 22 23 34 38 13 11 27 48 30 6 41 20 20 26 5 29 46 34 49 29 16 23 21 33 30 14 37 11 39 13 29 4 43 19 10 41 1 17 23 12 30 49 38 6 10 27 39 13 9 36 43 13 40 8 24 48 12 6 27 48 13 5 46 19 27 7 1 33 17 48 3 2 4 40 23 39 47 46 7 6 49 48 2 45 20 44 37 5 49 47 15 1 4 47 49 49 33 36 34 20 15 14 44 10 15 34 26 49 43 28 41 50 32 11 45 20 49 49 22 48 5 32 27 34 39 14 33 48 34 35 37 19 6 19 7 8 43 34 23 4 21 15 45 17 5 1 3 7 48 36 39 4 50 26 19 35 3 35 9 40 39 35 33 12 1 7 8 48 37 13 49 46 15 41 48 43 4 29 25 38 6 12 20 48 15 12 4 48 48 2 49 30 47 28 11 37 20 30 37 14 28 22 41 27 11 44 22 39 26 4 23 36 34 16 33 14 29 42 9 11 40 1 49 13 39 35 32 23 6 29 5 15 14 30 32 20 33 41 6 9 9 32 12 7 16 7
33 22 36 2 31 5 32 30 42 15 48 6 46 47 1 34 39 36 26 17 24 35 11 28 25 37 18 21 30 40 42 11 3 49 38 46 4 5 31 49 9 15 10 49 7 17 9 35 23 46 3 10 14 43 30 42 9 25 30 1 27 31 43 21 15 35 27 47 39 1 35 22 40 47 15 44 18 39 16 13 41 7 5 48 43 17 3 2 12 20 9 7 24 48 20 18 10 47 4 32 39 29 17 29 21 21 45 23 11 17 11 42 38 45 22 21 22 10 17 16 18 14 32 37 16 15 21 46 21 31 14 8 38 43 32 31 32 46 45 26 25 19 4 2 29 33 21 9 38 9 16 49 1 30 4 43 14 8 10 12 40 28 6 2 11 36 34 10 25 1 44 5 50 36 28 1 43 18 50 10 11 20 17 45 42 48 42 15 9 5 33 12 31 13 45 26 47 11 21 23 22 45 46 22 24 23 12 11 19 3 19 29 12 23 14 34 10 24 17 18 4 27 27 23 30 37 25 10 29 49 16 40 1 25 45 3 11 15 8 31 21 24 47 26 45 28 10 18 44 13 37 4 28 23 35 1 49 16 25 47 31 37 15 27 45 30 46 46 48 20 42 18 39 22 19 27 9 43 30 11 20 2 26 8 16 36 50 47 28 38 30 7 37 37 19 20 10 22 17 28 18 7 3 32 39 49 2 41 34 22 49 24 35 37 12 32 9 46 5 17 31 25 45 35 24 24 45 39 45 34 7 26 2 9 48 31 45 30 23 39 50 9 2 39 29 7 47 41 11 46 49 32 34 23 9 28 8 6 29 46 50 31 14 20 1 34 14 17 8 36 4 18 43 36 7 27 13 17 37 41 26 15 28 47 3 15 8 49 21 18 18 25 37 18 36 14 18 39 42 27 21 1 5 42 48 14 26 34 5 44 15 17 46 31 19 41 18 40 42 34 28 18 47 32 22 37 12 41 30 5 45 23 50 29 11 16 23 45 29 27 49 46 36 32 50 46 42 4 30 4 5 42 28 29 44 44 26 28 24 44 30 16 45 19 12 43 29 2 2 45 5 26 7 34 6 48 23 2 34 22 40 43 1 29 48 48 39 38 10 19 26 11 34 26 45 12 41 11 28 8 27 28 29 35 33 48 37 46 18 32 36 27 44 37 17 38 33 6 28 44 21 17 21 49 35 35 8 7 8 17 19 30 23 6 7 28 13 21 40 17 43 18 39 13 20 35 6 18 45 24 48 15 9 15 14 7 4 42 48 43 41 42 28 13 43 36 47 6 46 18 48 44 28 15 27 26 16 39 3 18 7 46 49 32 41 43 37 29 34 33 17 21 14 20 34 7 36 32 38 36 40 46 23 13 9 39 8 24 46 37 50 48 49 18 28 47 11 43 33 9 33 8 3 45 36 27 1 7 35 47 8 40 7 13 8 47 35 7 28 8 8 7 20 4 11 32 13 24 27 5 30 50 25 2 48 43 33 24 46 24 31 24 50 31 40 16 5 33 17 48 37 44 28 37 44 3 14 32 5 22 12 11 38 18 27 45 40 22 29 2 5 19 40 46 11 16 3 2 43 2 2 42 14 17 45 39 22 2 50 15 39 43 24 47 26 43 26 19 9 10 36 15 39 44 35 44 40 8 2 30 30 1 13 21 38 1 23 35 9 21 28 15 34 39 27 14 18 18 30 18 25 20 43 7 43 15 10 13 8 17 35 3 21 45 50 33 36 37 10 14 5 12 9 26 31 4 7 14 35 21 34 13 27 16 23 22 5 16 39 32 49 23 1 46 16 17 33 43 3 28 44 28 27 18 18 43 29 37 5 27 17 42 2 29 24 26 42 24 24 50 5 7 49 38 29 36 24 32 16 28 28 24 36 1 31 13 6 10 26 42 47 32 17 35 40 21 23 31 44 45 41 24 20 15 41 19 23 44 34 6 35 21 21 33 26 21 35 4 4 7 13 31 29 14 50 10 23 15 24 44 12 25 43 27 39 13 16 20 15 47 41 26
14 6 1 37 17 14 25 34 4 37 31 2 4 42 37 43 4 31 50 2 2 46 31 33 9 42 2 42 7 40 27 24 23 4 17 18 11 32 7 10 38 12 14 19 21 21 24 48 48 23 48 39 11 15 9 6 11 27 29 22 36 12 39 2 14 49 12 2 14 47 25 27 15 1 34 27 24 15 31 17 22 20 12 22 17 23 6 5 36 17 31 12 49 13 40 19 5 10 49 21 5 4 47 21 11 7 44 14 29 10 19 24 16 14 30 5 43 40 5 4 37 15 49 1 6 13 10 50 11 8 12 41 34 13 39 46 15 22 5 27 41 23 8 30 6 28 48 21 40 12 3 11 43 35 8 11 46 34 27 39 2 49 40 27 12 49 33 14 10 42 37 39 34 16 14 8 21 37 14 4 45 48 34 2 41 23 35 47 13 6 12 28 14 5 18 2 1 27 24 7 32 29 36 12 47 15 3 8 4 31 3 23 40 5 11 28 7 43 40 19 37 48 48 17 38 41 5 20 31 41 10 21 21 22 48 18 4 35 45 28 29 34 27 28 43 5 22 20 17 45 42 41 20 11 48 14 48 8 38 15 36 38 39 3 26 9 28 25 31 14 28 42 43 25 33 49 47 2 46 42 22 27 17 3 20 9 12 25 7 34 32 17 47 40 43 25 15 16 50 49 20 20 9 46 7 6 5 35 6 36 15 10 9 3 8 8 37 21 15 32 28 37 19 45 12 36 36 38 26 31 29 22 38 25 50 20 31 25 11 17 45 5 42 4 47 31 41 4 30 17 20 46 13 4 17 34 38 11 4 17 16 19 41 39 7 16 20 38 11 4 3 41 43 11 43 39 42 5 40 25 50 41 37 36 21 21 29 17 36 16 23 35 21 16 25 32 50 12 48 8 33 20 14 33 15 29 16 45 40 23 22 15 44 23 16 8 8 23 50 46 40 14 24 45 49 29 25 27 47 14 41 24 38 30 33 46 19 12 1 31 6 7 39 4 20 35 22 23 14 12 10 19 30 18 32 16 27 44 2 9 2 36 40 2 31 39 25 11 44 23 20 42 4 22 38 18 38 48 32 14 49 33 9 43 2 20 38 29 12 48 17 5 25 35 3 26 37 30 41 41 41 21 31 2 35 35 26 25 11 12 3 31 43 13 16 21 43 3 38 15 8 37 38 36 31 13 12 30 9 44 6 40 1 9 7 17 47 47 1 50 1 32 19 37 18 36 17 29
6 10 3 6 11 43 50 16 29 32 19 25 7 50 29 18 42 15 28 41 16 42 47 10 46 44 17 19 31 20 9 48 3 40 16 33 10 13 36 18 46 24 42 28 36
29 48 43 9 25 39 11 7 13 6 6 50 19 8 48 33 12 19 18 46 28 6 18 40 32 25 7 10 44 43 24 18 45 36 34 43 33 12 31 2 45 17 43 39 10 25 7 36 43 26 22 50 18 27 36 29 42 21 3 16 39 1 9 40 1 42 44 39 24 27 25 24 17 33 4 31 49 30 29 43 33 40 42 29 14 6 19 13 39 1 17 33 18 37 47 33 16 24 33 33 18 18 33 7 13 50 31 12 7 23 32 20 23 44 19 35 50 36 26 15 36 46 8 9 37 4 8 27 31 14 1 27 10 6 12 9 22 48 4 44 22 5 43 20 21 18 11 11 18 16 8 46 35 41 15 32 21 26 50 13 46 15 5 38 8 2 24 46 45 6 36 13 25 13 4 29 31 28 34 50 43 27 21 47 33 41 9 5 13 40 1 12 47 23 19 6 11 3 13 11 30 15 32 25 9 1 1 14 7 10 46 40 40 3 22 10 8 35 8 32 41 30 45 34 43 44 46 35 36 24 45 34 12 42 16 16 29 16 48 36 24 13 38 19 29 36 46 1 42 9 49 12 6 38 5 27 41 25 32 16 3 8 31 3 2 9 2 11 39 11 43 4 5 43 34 21 31 29 45 13 18 45 50 16 39 40 18 37 37 18 2 29 41 8 48 49 19 8 6 17 21 15 41 26 14 37 28 4 36 29 45 46 15 5 13 12 44 40 31 15 38 19 22 24 26 20 17 28 50 37 29 35 42 41 7 29 43 10 20 34 13 11 17 48 32 50 33 21 19 4 18 21 1 41 38 46 13 23 4 44 49 45 33 26 10 48 35 30 14 20 8 28 47 8 5 43 12 25 32 34 12 37 32 19 37 37 31 47 37 10 47 42 12 20 14 8 15 11 38 45 49 28 21 12 19 33 6 20 49 20 46 33 29 6 47 33 26 45 24 17 47 21 15 22 33 37 4 2 1 3 2 43 6 14 8 8 8 15 46 20 38 9 47 24 22 42 11 2 49 50 15 43 14 48 10 14 10 42 29 26 32 23 35 30 49 32 9 50 45 32 21 35 3 2 14 47 32 39 30 48 18 14 46 10 11 6 26 22 7 35 17 10 48 32 29 2 49 26 28 29 44 33 39 16 35 47 15 20 24 32 37 29 8 27 26 45 24 35 24 34 17 3 23 9 6 35 19 25 49 30 48 4 46 26 44 35 17 11 19 49 30 48 19 1 41 39 36 43 25 19 31 12 1 26 32 21 32 8 32 38 37 23 44 24 45 34 38 33 30 35 2 43 39 43 47 42 5 31 30 31 20 18 25 35 41 47 46 47 20 10 29 20 20 23 15 37 22 43 49 18 33 17 16 37 15 9 9 39 49 16 37 45 18 7 14 1 10 2 16 50 37 1 42 41 23 39 47 50 2 9 42 7 32 38 35 28 38 25 16 27 17 15 11 7 25 4 25 41 32 22 20 2 18 27 32 17 9 15 29 44 41 39 35 1 50 18 4 29 45 28 15 17 9 32 43 37 43 50 12
17 44 21 43 32 38 10 37 26 13 3 19 13 39 41 38 17 20 24 24 27 48 49 25 41 35 21 18 15 39 17 47 9 25 49 1 3 22 3 10 15 9 7 16 15 21 9 25 48 39 10 31 50 21 4 47 7 20 44 9 11 20 8 49 18 29 26 17 15 33 41 28 30 21 48 46 30 39 18
33 37 18 35 8 33 22 7 34 17 39 16 5 27 1 25 24 7 17 32 42 26 14 37 21 4 23 12 22 47 30 20 44 4 9 47 27 12 42 3 9 47 9 6 23 33 24
21 31 36 19 27 20 12 44 28 28 29 1 6 38 35 44 12 25 34 8 5 17 44 27 32 8 50 24 12 16 29 6 44 39 25 22 24 11 23 21 42 5 44 25 20 15 7 17 22 11 9 12 42 50 15 15 16 43 33 15 20 11 33 7 2 36 5 14 24 25 26 50 21 15 36 39 1 3 48 20 3 24 28 5 13 11 29 22 25 23 8 35 5 31 19 14 49 8 47 27 5 40 35 3 32 13 41 15 16 24 43 18 5 3 40 45 8 30 18 36 27 20 20 31 49 12 2 13 2 10 11 24 48 35 35 47 30 30 4 5 45 40 32 48 37 41 11 4 3 50 5 40 27 36 16 11 33 22 5 48 7 29 7 3 4 1 8 32 32 25 26 25 18 7 14 31 27 4 23 30 31 46 25 40 27 17 42 13 3 39 28 26 2 15 8 27 25 7 2 44 41 34 12 20 1 5 43 32 5 30 24 38 13 1 30 22 49 28 31 28 14 3 12 1 32 3 8 42 49 30 19 30 43 10 32 37 2 35 11 32 33 19 41 47 27 31 48 35 50 24 45 11 44 21 6 15 6 40 48 29 44 16 35 21 31 8 32 21 24 25 48 3 35 40 38 45 39 24 26 11 11 3 19 33 15 47 2 20 13 7 40 32 26 38 41 14 48 10 46 11 44 7 24 30 26 1 11 6 2 2 24 21 49 26 20 23 2 8 43 48 30 14 31 12 14 28 32 38 18 16 4 10 29 24 41 45 50 33 28 25 17 15 20 12 38 11 50 43 30 8
26 22 24 27 46 2 1 4 46 46 43 12 21 44 8 28 21 38 7 31 47 45 18 10 50 45 17 49 41 2 36 2
29 9 22 42 2 18 30 28 32 5 38 29 50 6 11 25 24 18 49 25 40 47 14 19 15 38 31 13 48 9 2 30 23 3 2 27 44 37 26 5 41 48 27 48 18 1 44 46 7
37 34 23 34 47 13 43 20 15 9 39 17 43 44 25 34 18 17 20 17 33 6 26 50
8 35 33 19 42 34 11 48 23 18 50 7 49 21 31 22 26 20 34 50 22 19 45 31 48 4 12 34 19 37 40
49 13 7 12 30 11 34 44 45 49 39 2 30 2 23 12 47 46 5 5 50 41 37 34 6 42 18 42 44 23 5 34 42 7 7 8 27 24 25 14 11 13 6 37 2 41 46 11 43 19 24 35 19 2 30 36 29 46 39 2 44 48 24 43 25 31 48 8 6 21 24 7 10 15 5 26 18 23 3 2 29 29 25 26 8 18 19 25 21 24 50 17 42 23 47 33 16 6 5 4 23 4 3 46 32 34 8 43 12 31 20 13 39 12 26 9 48 36 25 8 42 7 47 40 37 40 23 31 13 29 10 22 18 38 29 24 38 27 4 22 6 9 40 30 3 12 20 45 19 34 41 39 10 7 47 7 14 20 40 31 49 20 28 50 3 34 37 24 2 30 14 47 44 27 11 24 4 31 13 2 46 36 42 8 17 11 31 3 7 37 7 46 16 46 2 47 18 10 34 12 21 4 7 25 17 45 16 43 39 15 2 5 43 11 36 17 29 30 1 36 40 22 3 43 37 11 24 43 21 40 2 9 46 40 29 46 43 43 50 12 18 31 48 23 27 35 16 13 5 43 16 43 47 30 35 35 3 2 21 39 40 36 47 42 29 7 48 17 28 36 36 23 6 2 7 17 12 32 3 1 3 8 19 25 39 2 48 46 21 9 15 36 1 19 2 26 33 46 28 5 46 12 35 30 37 50 19 27 6 13 23 46 35 13 49 23 1 24 43 12 4 27 41 24 11 26 38 12 22 31 27 20 24 1 17 2 17 25 12 23 25 25 15 44 38 2 28 16 22 41 17 17 3 6 21 27 16 5 12 30 43 27 18 3 13 45 31 2 33 41 15 34 31 5 32 1 29 31 4 47 38 5 42 48 19 1 15 15 10 13 43 9 5 33 27 11 19 38 2 44 37 13 3 37 8 49 26 39 5 11 4 26 16 28 14 26 48 19 48 16 22 44 10 1 48 5 9 44 34 32 19 16 25 40 45 25 25 49 34 31 14 31 1 4 32 7 29 50 14 49 12 31 3 36 41 16 11 36 42 12 49 49 50 3 13 45 19 1 1 34 8 18 42 7 12 44 23 8 8 8 30 37 30 21 17 11 17 45 14 34 47 27 34 24 18 9 19 12 48 7 38 26 28 37 42 19 42 35 7 30 6 22 34 40 39 1 1 27 38 39 49 22 37 37 43 12 6 3 30 48 30 48 5 46 28 22 35 9 23 1 9 20 12 46 10 31 2 25 41 25 33 15 31 5 9 43 11 44 8 28 19 43 2 45 13 4 9 1 32 3 33 28 43 28 36 43 31 10 2 47 23 32 44 50 21 25 25 46 8 29 21 29 44 46 42 22 38 12 41 28 32 6 50 45 33 19 41 19 6 31 8 36 2 43 47 5 3 30 11 34 45 49 9 49 49 36 20 22 6 20 16 4 50 46 20 33 10 46 42 6 48 2 21 38 18 24 11 30 8 26 12 12
16 16 13 49 48 15 3 50 28 36 9 30 37 8 28 39 48 24 15 23 3 27 46 23 45 28 39 44 42 9 43 1 50 29 27 45 45 27 40 41 44
14 37 39 48 47 33 42 10 24 16 26 37 22 36 6 20 6 12 19 39 2 49 12 12 46 26 23 5 1 15 33 32 17 43 17 44 2 3 17 21 27 33 28 38 3 44 45 37 22 21 39 47 29 9 8 6 2 18 25 20 9 25 40 16 27 17 14 37 38 10 14 43 48 45 11 32 11 16 48 16 3 17 41 16 35 34 40 6 25 8 32 14 49 22 42 9 49 28 16 36 43 35 50 15 44 25 48 17 1 19 19 6 15 36 14 7 5 50 37 18 46 27 24 38 48 49 14 41 15 22 7 7 8 5 20 33 44 1 49 39 32 35 44 7 5 24 49 39 10 11 5 38 7 8 17 19 5 22 40 41 24 27 31 47 11 2 6 48 9 42 25 44 14 23 41 36 21 34 21 50 1 20 27 30 32 32 11 13 27 25 16 2 13 8 47 8 49 9 15 35 23 16 34 24 35 26 36 23 18 27 8 10 31 1 3 22 7 27 2 5 36 37 13 43 47 39 1 39 50 1 24 30 7 31 11 21 8 42 46 1 29 30 3 23 35 37 22 11 20 17 21 23 19 28 11 3 7 17 3 11 15 16 26 8 11 49 49 6 13 5 32 29 4 19 5 15 48 47 21 33 45 34 33 3 50 36 39 25 15 34 47 26 31 7 6 19 45 38 3 4 17 43 39 13 9 41 48 34 48 44 31 2 34 48 27 47 24 40 22 16 35 25 49 11 22 7 6 10 22 3 50 9 33 37 50 1 24 19 33 49 18 38 14 15 17 44 1 49 38 45 45 15 38 30 45 49 31 41 41 2 34 31 41 37 40 36 36 40 9 47 37 41 18 38 28 44 45 4 36 40 35 4 39 49 38 25 26 2 25 35 27 11 41 13 24 37 2 25 3 30 45 49 36 16 35 32 12 9 11 33 18 22 35 29 42 42 33 6 25 46 28 28 2 42 6 30 30 28 42 28 7 49 50 6 44 37 4 33 47 38 15 41 9 50 16 11 23 28 12 32 23 19 22 48 17 1 1 46 21 12 18 19 31 21 35 18 19 20 36 24 26 16 1 30 15 40 15 4 24 42 9 24 35 41 14 21 22 28 34 47 18 36 30 11 36 9 1 37 26 2 19 1 30 42 47 34 17 5 40 1 30 44 46 14 36 15 8 5 46 31 50 42 42 10 7 7 21 31 8 36 8 21 37 13 8 14 42 4 32 50 18 18 48 34 36 36 9 25 45 22 38 35 14 48 35 9 13 47 28 3 49 16 5 19 46 18 12 22 8 17 9 4 11 19 19 26 17 9 18 22 7 10 29 24 2 13 36 28 33 29 21 1 43 12 22 40 22 2 1 44 15 24 45 43 20 11 4 49 5 4 1 50 16 46 47 45 13 18 4 26 30 37 7 22 3 5 32 29 14 50 13 14 30 11 15 46 37 29 43 30 10 29 30 3 26 17 47 11 22 40 17 14 7 3 38 22 27 13 46 14 29 4 33 48 33 8 33 10 12 42 8 5 39 46 11 37 32 40 4 15 37 17 38 13 18 46 49 47 21 48 47 34 29 7 45 25 39 48 20 23 11 22 24 6 48 39 18 45
34 45 7 5 2 4 31 38 10 4 39 29 1 18 15 4 26 44 29 12 28 46 5 12 45 15 38 28 23 23 23 45 9 37 6 36 32 18 34 7 19 13 47 2 22 1 28 47 3 5 15 10 38 42 34 23 15 48 12 41
35 35 30 24 33 27 49 45 31 29 10 21 4 16 13 29 14 50 43 15 12 43 25
3 35 12 50 41 38 17 37 2 49 7 26 6 6 15 31 1 8 16 12 48 15 7 45 44 14 47 4 15 14 5 2 10 39 22 16 45 3 45 22 3 2 1 8 17 8 22 50 36 34 48 43 26 11 18 29 2 4 40 2 9 11 27 22 12 30 21
