12714
6985
4895962
124125
534226
4747848
4126
25321248
22116
5877625
2236
25866
4254889
885948
989858
73436852
7457584
625789
59532
8576859
86725
3326
27695
3955
1532
514262
6368
542326
66987683
65365787
323656
988585
4787898
747425
69856563
15594648
659619
2451
5788
26859596
58119645
1247
4568
62425
68986351
695651
2351
8497955
1925
4744758
6689
12158
65878
32751
632652
3252
47489
4545
471244
656353
8624
4122
7854184
523657
52154785
295865
36869928
512357
126957
81426
58756
82591
2125
656983
241842
658482
2353
1236578
76413824
5533514
9532423
336252
59636235
62623
423651
965285
9625
32157563
252486
41852
6215
8752484
81834264
5854223
9565685
26346859
87547
6633
8574781
45514
