41 16 5 5
28 39 5 3
51 58 5 4
3 32 5 4
7 99 4 3
0 15 5 4
66 12 3 1
46 99 2 3
15 27 1 4
2 31 4 1
90 14 2 2
30 19 4 0
16 89 2 5
30 88 3 3
32 77 2 4
90 23 2 5
1 52 3 0
37 23 4 4
24 64 4 4
84 90 5 5
33 25 2 3
12 27 1 4
39 31 4 1
5 74 2 4
5 29 3 2
23 67 1 1
87 26 4 2
55 80 3 5
51 63 2 2
71 69 1 3
79 87 2 0
37 34 3 3
69 49 1 0
17 88 3 1
29 86 5 1
73 12 1 2
53 27 2 2
28 18 3 2
7 29 4 0
3 23 5 0
79 32 3 3
30 56 3 1
98 90 4 4
69 61 5 2
57 24 4 4
30 31 3 5
7 92 4 1
21 12 5 3
84 86 5 4
83 51 1 5
54 14 4 1
68 80 1 0
66 87 1 4
38 13 3 0
84 46 3 3
57 79 4 3
53 75 4 2
75 26 3 0
9 80 3 1
57 55 2 0
37 67 5 3
21 83 3 5
53 57 3 1
88 88 1 2
72 29 1 0
56 23 5 5
95 16 3 5
36 82 2 5
95 51 4 0
92 19 5 3
66 83 3 3
10 41 3 1
73 68 1 0
5 52 2 1
93 49 3 3
54 30 1 5
65 88 2 5
67 68 5 1
8 63 2 3
10 99 4 3
64 81 5 3
34 12 4 2
50 36 4 3
24 26 3 2
61 16 1 2
7 24 2 2
17 22 5 0
17 34 5 3
14 39 5 3
36 19 1 2
77 26 2 4
90 40 4 5
70 22 3 1
73 20 4 4
12 31 5 2
66 94 2 2
80 77 1 5
24 55 3 3
86 79 2 0
82 84 1 1
