1 7 87 88 67 97 76 28 23 34 103 32 62 70 79 5 90 105 63 22 30 60 61 50 93 56 52 25 33 73 98 10 83 59 65 108-43 48 41 30 8 44 36 39 27 64 69 28 42 70 4 34 79 9 18 21 74 72 47 86 53 49 14 7 35 11
218 124 4 14 120 47 181 200 88 173 150 213 134 135 235 25 212 132 152 180 32 63 159 129 12 205 2 189 240 126 36 40 66 1 209 217 51 246 13 188 177 174 187 35 23 158 22 65 9 110 96 165 219 169 163 98 34 172 101 67 156 93 61 168 130 225 58 131 127 167 245 154 77 27 74 116 141 52 203 10 30 18 242-64 208 38 62 80 101 16 112 68 30 260 32 152 57 108 65 264 221 8 63 249 121 45 118 235 166 25 222 77 41 179 117 82 143 21 154 250 90 126 115 106 5 205 219 66 4 103 135 255 18 1 105 116 43 194 178 88 247 263 137 236 191 102 12 182 147 27 180 193 128 214 91 246 52 89 132 11 174 160 181 86 48 40 114 130 199 35 239
111 100 199 103 102 165 28 93 60 155 130 31 73 201 98 69 33 183 135 144 178 84 202 56 120 141 116 108 10 8 115 94 78 80 37 59 147 97 22 81 176 1 189 38 164 14 19 18 32 190 34 51 15 47 139 117 140 131 87 21 92 162 65 61 86 157 177 179-81 79 73 84 48 115 9 91 26 44 24 105 75 82 28 52 89 63 92 103 38 45 15 21 17 62 31 116 25 64 55 67 22 117 8 30 40 113 72 23
13 8 3 5 4 15-117 10 118 152 149 111 36 138 23 75 91 27 13 150 130 88 41 58 37 63 22 28 14 114 8 54 109 33 20 153 47 15 143 148 99 21 123 105 59 35 69 44 133 121 90 101 6 11 116 45 19
110 108 93 56 77 136 45 16 100 128 86 20 114 32 57 103 5 88 106 84 76 8 19 24 95 47 6 85 14 44 64 135 91 22 74 48 75 69 119 50 125 25 63 58 51 29-2 3 4
195 209 184 161 230 16 287 256 167 274 298 1 74 108 82 48 278 233 292 223 61 150 132 93 141 78 80 25 116 276 120 35 212 115 168 282 266 113 300 137 52 94 24 277 121 165 34 154 218 202 207 210 67 177 112 130 111 54 203 47 255 199 105 44 176 159 96 234 180 75 91 192 23 232 250 157 86 191 62 104 131 283 56 84 200 98 100 60 291 169 118 288 151 128 32 133 279 243 290 39-176 224 13 38 114 256 92 165 37 239 68 60 210 212 150 259 6 235 174 253 2 139 204 102 205 78 182 267 155 19 132 231 77 151 125 58 105 134 227 245 39 80 34 24 48 153 158 199 8 16 71 108 101 166 188 79 20 113 127 73 122 243 25 7 264 194 56 244 116 207 143 91 261 211 263 195 147 170 49 164 250 104 89 26 246 15 65 242 119
150 41 129 64 86 25 128 66 7 32 12 68 30 56 119 49 145 108 26 156 148 71 136 31 92 75 146 130 70 90 18 45 50 19 132 37 122 65 116 124 117 135 2 58 73 107 4 84 115 98 23 61 140 80-9 16 4 14 10 5
48 15 57 27 34 40 13 28 5 20 17 23 10 52 25 8 31 21 42-101 50 221 243 28 20 23 36 202 114 196 65 118 195 9 172 93 142 171 21 54 111 51 102 177 10 130 115 37 128 230 117 169 245 133 192 94 153 132 52 175 150 199 79 33 110 219 224 249 70 72 73 254 250 207 77 168 223 66 98 234 122 173 139 61 156 136 244 107 113 58 252 198 155 30 24 106 26 206 182 184 97 59 4 125
220 88 270 261 131 201 212 86 252 151 275 189 141 258 191 95 136 25 112 192 97 207 173 183 234 186 237 133 158 128 21 2 259 245 139 30 243 100 175 196 218 53 93 91 198 177 235 223 163 154 208 33 194 35 120 3 216 92 171 76 43 66 123 4 247 148 72 44 203 32 222 74 34 152 102 239 232 246 58 255 84 7 249 236 209 23 265 182 107 145 233 200-118 2 17 41 53 7 10 60 8 124 93 29 21 117 87 120 66 85 9 26 78 59 1 111 125 47 94 57 96 36 71 67 104 76 119 62 75 130 42 109 63 89 106 48 65 95
94 227 90 243 149 19 192 77 106 98 39 62 121 53 140 43 12 3 191 166 54 55 117 109 230 238 13 41 226 216 156 21 88 97 210 123 170 23 180 44 49 228 26 14 51 24 31 116 76 119 130 78 37 150 233 11 61 157 48 202 182 242 143 235 163 56 153 164 147 199 5 85 9 58 126 73 206 174 215 47 162-160 140 21 86 99 161 27 84 45 220 142 12 118 91 2 201 216 120 194 68 210 89 209 37 104 172 96 67 129 52 46 190 8 93 47 191 138 43 38 10 175 155 198 189 69 59 143 6 152 70 202 66 147 148 29 77 206 231 126 5 228 19 64 124 42 65 196 144 123 128 225 79 157 168 170 92 1
4 2 6 3 15 1-55 4 35 18 45 59 38 46 27 43 51 60 5 53 56 3 12 11 26 61 21
8 80 28 2 66 75 18 77 25 72 44 24 43 74 20 83 68 53 61 78 33 59 42 15 21 26 32 79-263 1 181 30 53 213 221 267 134 94 139 161 138 180 67 240 108 269 157 42 144 142 165 150 45 259 252 214 135 151 56 184 12 3 175 266 131 208 32 75 264 102 152 90 260 23 82 136 183 59 47 2 197 111 148 21 195 20 98 133 159 40 130 188 61 71 60 171 143 255 189 236 149 200 129 96 125 233 64 243 33 120 132 247 219 81 231 113 169 119 168
143 167 236 255 35 232 112 134 148 109 21 73 257 188 80 3 140 52 133 1 104 263 121 192 166 213 246 61 78 259 194 22 231 253 182 55 191 94 71 19 250 2 229 42 131 165 17 200 132 242 74 60 51 168 115 196 141 105 251 198 31 169 225 43 82 164 171 156 183 4 26 147 142 185 239 238 129 83 252 40 127 204 116 58 69 126 33 177 241 27 86-25 22 18 29 23 10 27 33 40 28 41 34 24 9 43 2 46
75 23 193 118 53 127 43 172 58 195 50 129 180 59 33 116 160 5 55 147 173 39 183 197 185 13 101 86 186 31 62 74 191 12 37 143 25 188 80 79 65 3 91 179 117 18 84 45 175 194 166 73 126 159 109 137 7 114 11 35 182 187 1 170 32 9-77 91 22 42 96 36 40 50 45 109 78 106 13 31 113 90 4 27 41 123 99 34 16 18 25 46 72 30 24 87 3 95 104 19 93 56 66 14 51 54 47
9 3 5 17 30 21 15 16 20 10-28 27 9 18 5 24 23 1 10 22
15 50 41 6 18 29 7 43 35 3 30 10 16 42 27 34 36-80 97 62 73 33 177 17 133 66 84 54 104 160 18 109 147 57 150 146 100 187 38 125 45 172 102 96 87 99 181 21 11 40 151 23 131 126 164 49 122 13 25 63 161 124 114 111 141 158 89 190 75 132 134 56 1 74 27 86 70 29 12 9 67
25 31 20 40 60 72 12 23 63 10 9 38 59 69 80 33 1 15 28 21 36 43 48 34 27 68 5 82 32 67-73 90 35 60 74 43 12 37 51 3 36 21 42 22 87 66 6 78 62 59 85 45 53 19 32 89 25 13 65 41
8 15 16 3 7 12-193 213 12 130 73 96 151 214 143 112 195 170 199 17 153 11 102 120 103 212 257 203 176 79 191 139 48 113 78 129 217 238 136 148 234 249 33 224 142 267 230 37 47 240 93 194 108 74 255 256 23 235 121 44 77 201 196 31 34 156 185 67 105 2 25 226 115 97 222 20 49 253 237 27 131 225 117 28 140 186 192 7 15 72 220 169 219 160 43
68 105 99 111 40 60 102 73 71 85 116 35 115 63 28 5 14 43 41 97 38 55 108 107 46 47 77 34 51 13 9 106 91 110 29 79 45 80 18-34 21 6 77 54 81 23 66 25 31 78 19 29 52 64 69 51 1 3 24 55 36 16 30 60 83 7 17
14 5 8 11 9 2-19 49 117 154 144 178 89 141 51 5 203 3 14 86 166 120 100 76 170 207 146 223 163 175 101 180 43 208 91 114 84 136 219 186 172 209 93 130 138 135 161 11 195 145 82 35 16 128 20 106 15 191 173 83 217 65 169 18 42 222 205 183 85 109 47 220 124 104 148 30 116 98 10 50 133 167
1 30 24 11 47 50 4 33 53 36 21 46 23 55 37 12 2 51 14-41 56 9 30 12 135 7 19 150 11 78 36 149 114 71 113 37 83 143 66 13 121 61 87 54 137 125 63 89 21 128 73 101 90 100 139 40 62 124 25 112 10 130 27 39 99 126 33 96 77
33 18 6 25 41 17 14 8 27 40 31 44 4 3 9-6 58 47 35 3 81 83 49 72 54 14 42 27 33 34 26 13 7 62 77 50 8 84 63 61 9 78 43 65
124 109 20 52 37 88 87 125 119 133 84 6 63 59 45 132 98 38 86 102 75 66 36 80 130 27 32 100 82 30 85 104 21 121 16 51 64 114 76 79 103 91 9 41 72-1 10 37 75 30 78 41 79 64 20 77 58 48 23 31 47 80 71 66 21 17 3 65 45 2 62 54 12
47 1 28 86 25 52 33 65 84 46 67 39 69 21 62 66 79 71 15 7 37 76 10 80 68 17 60 3 78 90-176 57 20 11 55 174 149 6 166 127 28 147 116 59 23 14 154 178 135 42 143 158 46 35 104 118 119 126 123 32 153 43 99 145 34 1 131 44 71 90 179 172 9 10 61 157 51 170 95 45 3 151 22 15 161 107 36 53 140 87
15 67 30 32 65 2 81 85 95 63 58 94 52 92 19 55 47 89 79 73 16 71 18 76 46 98 35 40 24 54 41 14 39-60 82 132 101 65 45 126 127 56 8 100 116 143 133 37 71 54 30 13 86 137 102 70 123 122 10 36 19 76 32 109 26 15 9 39 49 134 138 113 1 4 136 27 18 112 139 81 33 46
24 120 72 50 134 119 99 40 80 71 25 22 157 114 61 149 126 102 93 79 118 140 21 15 112 95 147 29 121 150 20 10 78 66 51 86 19 35 159 26 65 142 6 41 111 152 1 109 28 33 32 104 144-192 230 233 15 3 240 259 137 84 9 262 23 226 196 144 235 51 247 246 252 72 149 280 1 107 14 266 89 134 20 206 145 4 229 24 109 91 215 203 131 172 121 115 39 156 8 129 195 165 83 66 258 281 85 152 176 261 2 153 12 211 253 136 250 103 268 94 138 111 222 279 81 21 272 220 68 133 180 52 237 42 234 114 56 160 63 171 18 260 19 189 88 248 219 122
98 93 153 13 122 61 147 21 105 118 119 158 136 143 156 66 100 101 52 75 25 83 62 69 125 130 55 115 29 82 112 30 149 155 46 12 59 86 91 113 56 45 20 26 129 28 124 31 49 77 14 8 51 157-23 91 119 57 2 103 35 31 1 85 27 33 77 82 42 61 105 69 15 86 79 28 37 100 5 8 18 13 90 48 111 4 101 87 73 63 32 40 72 44
188 221 87 46 171 82 20 143 242 228 19 107 218 91 163 196 232 216 9 150 147 55 124 154 177 99 64 101 180 165 204 97 70 102 241 207 69 71 116 126 210 108 49 89 146 141 202 50 15 93 3 17 2 227 24 134 58 8 113 222 237 123 230 95 170 240 90 172 169 56 133 7 193 106 161 100 184 186 84 61 22-106 127 121 126 51 89 40 38 77 33 131 7 86 66 99 114 17 87 111 108 138 83 21 95 43 49 143 37 80 94 98 54 93 107 10 23 115 30 104 132 44 45 109 96 36 5 119 135 75
16 122 199 61 89 211 113 143 85 136 209 78 171 208 87 181 146 170 177 51 114 150 195 5 34 148 88 172 99 180 25 47 10 57 207 186 222 64 17 54 76 124 83 105 28 58 210 187 160 74 192 93 138 46 27 206 32 130 91 154 102 134 179 14 6 190 205 38 204 203 31 79 197 215-194 164 123 111 39 129 31 75 174 172 144 89 134 126 234 77 190 192 186 209 76 225 117 24 187 204 140 18 97 120 29 229 239 233 208 36 28 9 124 183 171 69 169 113 238 12 73 116 196 200 221 49 80 203 61 45 98 150 14 88 137 135 79 78 109 38 153 66 219 35 5 115 128 149 93 106 179 64 178 22 205
42 2 28 26 8 16 33 27 9 54 40 7 20 36 18 5 3 13 4-22 116 82 120 53 114 96 54 34 78 106 31 37 6 103 13 24 60 56 75 109 73 42 85 18 115 86 84 49 117 125 44 118 32 68 76 14 91 124 40 113 55 69
49 27 84 60 37 3 86 82 5 35 71 47 12 30 16 68 78 64 101 80 55 36 32 10 48 58 66 45 91 31 76 106 8 13 28 87-113 189 160 79 140 191 141 201 20 73 205 145 153 206 159 108 175 50 149 48 209 144 127 84 16 178 88 114 49 90 65 121 37 59 99 116 130 75 156 202 7 198 57 5 118 42 134 30 27 78 40 24 196 100 157 192 109 177 176 200 112 70 180 8 12 56 183 171 212 138 91 45
4 10 41 25 26 6 44 27 40 12 16 3 9 32 8 33-68 89 45 243 42 32 210 233 245 192 62 190 77 177 80 248 222 171 252 170 198 253 38 31 140 110 130 79 52 37 41 143 51 151 208 152 75 241 187 119 163 220 69 93 108 156 2 224 112 121 64 128 118 134 194 218 40 34 70 92 59 18 104 46 223 6 255 242 148 114 236 165 173 83 91 47 13 216 55 63 54 113 172 66 244
11 52 57 92 158 172 236 80 197 119 54 91 201 154 105 130 8 42 203 182 127 14 16 129 82 226 177 49 252 237 65 63 78 72 221 239 83 195 206 250 136 220 100 38 116 41 204 26 207 225 37 113 46 143 191 217 248 183 246 254 21 253 243 22 123 208 171 153 178 190 209 66 10 238 53 68 159 51 212 140 102 56 139 67 13-26 68 85 56 92 53 4 66 88 77 50 7 9 8 21 18 54 44 48 15 64 49 39 75 11 19 67 33 82 79 6
135 93 113 112 69 56 117 1 151 269 73 16 89 173 65 46 74 66 38 72 125 211 29 167 42 85 245 76 138 58 149 256 44 146 271 268 233 194 253 236 9 28 239 179 178 48 262 187 14 164 210 154 169 209 158 190 97 21 213 254 94 220 61 266 23 82 161 273 246 207 128 115 155 18 219 7 255 27 217 199 170 120 186 17 267 101 10 148 31 106 175-82 63 18 134 108 72 15 34 100 131 83 36 58 19 46 39 3 110 20 13 45 145 115 2 96 65 43 52 139 138 47 6 74 116 4 71 61 12 77 87 38 89 53 37 9 104 117 81 113
68 87 4 139 131 127 14 111 26 13 21 60 10 17 46 54 40 89 91 2 55 76 95 110 93 115 51 140 9 102 70 81 80 105 116 47 122 12 86 44 88 75 61 53 117 124 59-109 155 141 106 88 156 171 94 135 59 35 14 172 133 175 117 167 169 24 181 19 96 56 178 47 107 139 201 102 23 92 159 189 199 115 6 71 69 18 194 58 34 63 145 4 48 79 30 138 188 146 122 57 20 150 164 187 11 74 101 147 148 5 123 31 55 28 8 98
2 98 32 42 1 96 39 88 41 56 69 3 43 68 35 27 17 29 85 24 93 18 65 62 28 95 60 16 30 99 21 25 6-8 150 194 148 50 297 41 222 68 102 17 3 233 268 207 58 54 20 180 189 61 199 275 81 236 35 107 83 227 76 38 252 42 116 10 15 278 292 256 140 80 279 190 131 267 48 277 211 12 163 87 24 39 95 260 19 221 113 263 121 119 170 270 47 280 286 60 247 13 266 246 201 128 92 159 164 187 192 105 258 179 44 253 184 114 117 289 294 34 209 75 78 254 157 281 126 49 232 23
6 14 5 1 15 17 9-14 17 39 8 31 29 24 2 41 28 22 30 16 21 7
158 182 37 202 89 280 291 84 262 111 96 134 118 174 204 110 14 9 213 58 211 26 199 208 196 162 40 205 161 94 189 61 253 197 113 267 238 125 166 237 131 124 115 173 53 187 70 203 164 141 227 23 41 145 147 42 150 226 50 167 284 220 288 136 82 21 178 121 27 19 64 255 270 105 207 183 54 91 18 3 186 180 247 194 71 143 17 264 276 272 153 76 165 216 168 198 51-107 92 146 85 4 77 36 39 61 57 138 1 42 64 80 70 115 150 46 3 121 69 86 13 66 97 139 89 16 56 15 71 132 59 19 35 141 12 94 32 65 93 58 29 53 114 105 11 37 21 87
122 91 139 42 40 162 71 129 31 50 32 160 61 76 39 26 92 10 130 78 94 1 29 3 154 163 113 88 117 157 144 23 53 112 138 45 145 6 51 147 33 20 164 41 72 156 57 54 148 14 115 89 5 153 155-4 26 11 25 27 15 7 17 2
44 43 3 32 27 5 37 2 56 23 1 22 53 33 12 17 55 31 30 6-83 53 18 37 5 94 123 115 133 134 20 157 46 132 9 155 93 149 165 152 107 40 153 42 39 112 7 138 6 113 130 1 143 162 122 34 49 127 51 81 129 33 75 15 144 23 108 63 102 150 76 54 21 70 59
85 68 122 71 10 39 37 89 129 162 44 120 107 61 4 30 92 181 75 179 141 168 117 100 171 109 192 127 14 74 50 98 66 123 72 83 139 62 177 95 91 173 183 190 38 106 132 164 5 9 96 170 24 145 195 111 169 156 81 42 45 166 150 130 27-107 62 124 129 61 28 26 44 74 27 18 38 87 121 4 95 130 69 63 79 25 132 65 1 131 119 125 29 13 123 111 116 33 82 122 89 56 67 35 102 64 115 45 46
5 4-45 132 4 54 120 83 103 3 47 123 36 25 114 82 14 141 86 145 10 124 29 127 118 38 53 92 8 131 17 52 149 73 39 98 102 33 34 104 70 100 142 108 74 65 106 55 66 107 31 135
17 7 4 3 8 2 18-1 12 8 4
5 2-100 66 128 16 127 113 63 42 97 46 55 79 28 20 121 1 58 21 78 14 125 41 30 49 51 83 62 82 52 7 112 54 107 105 132 36 27 8 18 91 108 85 74 43 124 25
133 10 172 57 90 138 126 144 107 7 158 67 151 165 81 78 85 160 11 53 104 14 49 143 117 111 130 61 50 183 9 16 155 94 87 64 159 42 102 166 91 118 4 17 79 124 108 6 83 26 114 128 86 134 127 154 186 156 40 113 178 73-1 7 3
79 92 37 104 89 49 61 71 51 15 90 27 74 12 81 63 34 73 111 45 103 9 82 64 24 107 65 1 69 6 13 108 120 41 50 2 16 105 98 75-109 146 27 149 83 23 44 52 91 105 104 174 31 113 115 127 161 76 143 102 69 34 84 147 159 63 24 97 42 148 171 33 61 5 93 173 65 142 46 17 95 77 3 14 59 6 47 129 28 168 153 138 101 144 131 41 103 157
212 71 96 95 94 141 57 43 125 103 224 265 197 93 217 34 129 215 256 83 40 5 81 46 117 67 91 228 130 188 264 3 55 2 143 157 116 148 49 241 278 239 63 145 22 18 102 243 226 37 255 220 161 166 244 242 32 254 139 187 272 154 135 158 115 196 1 234 191 168 59 120 162 26 122 121 201 289 176 273 170 209 56 101 97 44 106 223 257 259 28 17 238 152 20 74 280-142 94 210 231 218 252 12 258 129 99 239 107 85 34 163 11 144 25 75 157 108 106 194 151 250 111 17 152 96 185 192 137 32 208 257 179 223 174 243 248 171 131 184 198 64 22 146 256 216 9 63 167 57 145 180 123 214 24 41 15 183 55 221 166 91 213 242 135 70 147 50 173 229 128 73 190 134 68 35 169 95 228 161 164 207 122
13 95 97 45 5 77 47 81 2 44 90 94 57 24 50 88 100 11 66 84 63 15 19 72 75 71 56 27 92 32 46 33 69 91 43-77 30 48 78 165 55 210 172 22 95 20 136 233 66 185 133 225 128 14 138 56 173 132 36 113 38 58 74 107 141 6 50 53 67 221 51 218 182 224 197 1 212 100 168 170 211 79 200 94 116 151 86 130 226 152 34 156 180 88 123 105 9 97 187 169 228 163 181 201 65 104 162 4 8 101 119 167 139 91 32
207 222 56 247 188 37 267 106 45 138 180 80 49 228 155 231 187 210 88 110 93 176 139 134 9 195 218 109 44 219 189 26 137 144 147 171 181 116 108 73 255 15 242 259 35 95 121 136 261 87 149 112 14 102 94 67 264 221 27 196 236 248 111 10 260 119 98 164 42 193 182 12 69 127 270 177 17 64 197 113 168 29 161 167 63 203 34 101 194 43 204-249 192 11 69 108 68 111 31 196 198 13 33 44 259 236 118 141 203 185 242 202 37 4 51 250 130 207 55 115 216 62 137 228 232 83 156 135 194 139 3 235 189 19 122 201 181 28 41 245 229 26 159 18 248 225 150 60 12 191 219 160 8 112 89 42 99 65 22 91 133 74 58 142 184 246 244 106 257 131 199 153 71 49 233 27 53 110
8 2 44 21 92 53 13 48 17 94 43 59 27 14 68 64 35 58 95 42 77 10 79 32 3 18 72 6 61 56 84 66-88 97 49 69 78 68 77 99 16 60 1 98 94 31 54 9 30 84 74 20 18 102 103 95 81 34 66 21 19 70 56 17 105 43 51
40 44 18 5 3 11 14 2 4 6 22 15 45 16 12-60 6 54 53 40 32 57 77 90 89 63 19 11 91 58 120 86 109 46 55 17 103 9 31 38 106 5 74 30 73 2 113 18 64 105 85 94 47 116 16 50
49 46 22 42 45 13 34 30 57 39 5 47 70 68 31 62 53 37 38 25 56 3 24 4-2 16 230 202 189 128 84 7 66 138 13 159 38 83 149 67 168 132 109 133 49 79 73 208 110 5 42 20 217 15 197 136 223 151 51 152 173 30 214 50 98 184 139 194 191 47 171 62 48 81 52 120 59 153 222 9 6 101 103 85 107 216 108 183 162 88 186 201 36 166 54 31 97 163 177 146 14
22 15 44 43 25 24 13 5 46 20 36 16 4 30 45 6-68 147 189 84 161 39 21 72 122 87 171 71 103 146 66 196 26 203 200 19 48 25 1 6 162 127 178 184 141 41 120 204 198 18 92 159 31 134 42 8 143 124 185 80 139 95 197 111 23 16 90 32 46 51 22 99 81 145 35 116 11 154 173 190 53 9 109 105 121 186
6 7 14 10 17 15-70 85 103 56 59 41 235 94 141 162 84 254 44 75 219 171 218 138 67 50 110 151 227 128 18 146 149 76 256 198 13 188 49 237 240 241 135 8 69 247 242 45 106 33 114 117 15 54 197 11 125 82 26 210 72 202 204 139 121 111 137 230 182 160 119 130 98 205 7 243 193 100 187 168 123 245 28 167 31 73 62 213 83 95 134 51 203
37 81 71 34 70 66 25 17 75 103 31 50 42 104 29 97 43 52 9 92 69 33 46 67 38 78 98 6 20 77 48 107 14 30 62 84-22 20 24 19 6 30 28 21 3 4 1
93 58 137 123 25 66 101 34 95 139 128 90 108 132 117 136 63 60 153 69 43 49 125 29 32 65 86 55 100 155 144 17 56 88 75 28 7 151 82 47 96 145 124 16 64 122 149 2 24 106 118 11-4 16 33 47 27 54 19 12 23 36 40 43 3 29 37 11 34 14 41 52 35
43 6 78 64 76 45 77 31 1 17 74 84 38 27 54 72 4 5 39 86 16 11 46 3 85 22 90 70 7 82-10 35 23 42 18 20 25 3 17 28 12 22 29 34
56 14 174 213 179 202 123 79 13 39 209 78 120 203 104 153 70 107 112 198 134 205 168 158 199 167 80 81 103 57 89 110 74 208 59 186 53 184 156 211 136 7 177 150 45 86 18 145 122 106 141 29 63 113 128 169 201 77 75 196 67 212 94 197 117 88 73 147 166 101 187 165 48-51 43 55 32 58 33 4 47 42 20 23 1 15 45 36 56 60 48 40 11
106 67 95 16 132 146 32 8 149 73 167 29 108 71 74 152 54 107 131 33 169 102 62 142 78 180 155 138 47 124 52 157 176 49 175 1 76 87 31 10 99 57 100 86 72 26 55 125 69 90 81 104 59 38 66 44 85 4 94 17-207 104 179 112 99 96 32 195 74 130 86 29 5 42 62 61 50 92 30 76 64 196 205 33 44 6 70 123 162 97 40 156 182 2 174 90 23 121 58 157 172 153 143 215 81 201 48 206 212 200 137 18 60 8 115 10 100 117 91 132 202 184 131 193 128 213 208 77 88 78 55 145 80 31
21 18 11 23 9 6 17 15 16-13 36 200 74 196 4 123 7 151 83 131 88 42 50 137 65 129 147 11 17 170 190 120 43 140 180 173 20 112 40 100 9 202 87 49 109 166 172 66 201 91 124 105 34 53 206 15 205 192 168 145 92 161 207 76 195 146 46 58 142 103 29 96 24 32 189 81 187 97 127 184
185 120 134 88 73 183 78 109 115 179 124 177 35 169 135 53 2 123 12 149 180 69 51 152 42 174 18 17 161 132 133 49 94 56 184 39 48 195 95 4 127 65 162 114 105 27 143 146 32 104 194 64 164 25 16 182 20 60 129 113 33 145 137 23 130 117 125-20 76 51 210 131 15 83 53 146 101 195 127 43 46 16 13 81 163 181 176 125 116 204 196 35 120 98 107 192 109 56 77 21 10 19 162 167 95 132 65 7 92 48 138 22 89 159 128 200 170 169 60 122 3 157 164 187 194 31 145 161 144 64 137 82 59 1 126 142 96
185 60 202 136 48 64 207 21 58 80 145 62 51 246 244 221 158 42 104 40 77 225 53 71 201 219 184 241 76 15 146 38 116 166 5 189 84 8 30 186 172 49 13 180 31 152 214 238 94 68 217 32 35 212 182 240 89 86 188 14 57 237 198 93 4 213 164 139 90 151 229 242 153 18 61 135 120 125 129 20 205 102-57 58 60 24 16 43 3 19 21 55 8 45 62 32 33 2 28 15 13 12 20
89 20 59 96 91 46 30 7 100 18 32 60 84 52 97 23 28 8 36 12 99 81 83 35 31 63 51 39 72 26 61 33 85 43 25-17 20 35 59 56 11 12 58 53 2 50 32 36 46 9 64 49 6 41 14 39 13
248 249 20 250 274 198 236 241 101 188 54 231 139 181 262 279 239 2 96 196 163 267 7 261 119 256 167 16 41 92 134 223 132 155 106 145 21 280 57 157 109 273 84 245 271 108 247 203 187 164 28 275 110 115 85 171 212 93 73 197 49 112 199 160 126 131 80 228 67 144 40 58 277 238 272 182 146 151 97 265 232 244 259 169 269 61 233 217 55 37 19 154 90 39 149 286-110 31 73 168 166 41 154 101 105 56 124 136 26 7 156 141 78 5 140 107 75 8 127 12 27 142 169 10 117 173 6 14 159 189 134 119 37 83 65 97 52 181 151 61 9 74 81 29 191 16 109 178 177 35 138 59 67 126 122 98 170 48 137 11
11 10 7 3-199 147 22 149 170 76 181 102 274 257 122 219 231 26 28 85 11 21 13 247 144 151 148 41 20 238 83 141 150 10 272 265 283 146 249 56 206 110 163 174 42 37 27 49 205 281 112 14 208 15 176 171 2 227 65 244 280 116 47 77 16 35 239 204 82 9 91 59 268 18 128 66 107 290 218 6 252 243 190 182 222 73 135 269 79 5 210 115 145 52 81 46 111 262 250 12 207
27 83 73 63 68 52 14 7 43 15 93 64 49 103 74 21 136 59 41 124 159 123 19 2 152 116 125 87 147 143 55 105 157 39 67 138 54 96 99 144 85 24 127 139 29 110 61 58 48 114 11 56 156-26 12 20 35 18 17 27 21 14 33 5 11
15 79 19 33 23 83 147 133 37 32 76 112 50 52 135 174 92 9 142 162 10 51 146 109 119 156 100 48 2 155 166 149 167 101 131 90 172 25 161 168 4 134 53 28 60 91 66 173 20 65 17 169 18 108 126 70 63 110 122-87 81 51 68 12 3 60 92 58 14 67 102 49 95 56 46 66 35 48 13 55 36 20 99 71 24 33 90 25 16 44 15 10 83 79 70 65 113
94 52 119 53 121 58 146 40 108 37 7 110 62 30 3 103 131 142 132 88 49 14 74 87 136 39 44 125 80 95 4 143 34 60 92 70 100 106 32 20 127 61 99 66 135 12 43 133 16-60 41 18 47 102 54 38 70 87 55 123 101 97 48 89 37 7 28 45 96 64 153 26 136 11 114 152 14 121 112 166 85 138 140 6 36 21 142 131 139 118 151 39 61 105 20 165 113 134 17 59 25 68 67 69 12
184 115 213 8 3 93 101 58 156 16 39 49 66 154 96 197 86 88 206 133 114 150 179 83 94 212 194 41 167 36 144 55 32 174 153 47 164 220 9 42 89 192 84 117 81 116 175 103 130 122 166 56 160 198 180 65 67 61 191 37 186 33 78 173 176 6 195 62 80 105 12 140 159 102 17-32 116 2 6 141 111 24 140 52 92 23 70 124 15 3 93 143 82 136 130 122 27 1 138 106 104 115 108 17 31 49 19 40 37 56 75 137 4 129 62 118 80 64 8 9 101 112 109 135
3 20 15 52 31 65 62 2 26 10 51 38 40 54 71 5 29 6 69 41 45 57 50 19-28 100 46 26 32 64 16 69 1 117 27 89 79 129 122 128 65 106 4 92 77 74 105 76 25 138 99 137 70 39 22 18 37 53 8 20 113 68 93 140 30 45 80 118 33 85 130
45 119 20 113 52 97 74 145 9 117 140 28 30 143 104 40 4 15 111 110 83 107 105 121 58 64 17 54 76 48 41 131 122 73 24 125 77 82 114 138 32 109 22 126 144 127 118 93 112-7 29 20 14 12 34 18 17 13 25 8 31
11 17 3 27 7 16 31 19 26 33 2-235 163 169 184 8 156 84 236 293 60 125 56 43 100 128 91 233 145 130 28 232 4 282 120 55 161 107 171 114 15 177 284 202 234 190 260 214 41 268 211 279 108 198 30 44 77 216 32 215 115 137 252 228 207 25 52 50 17 278 182 42 63 112 170 246 133 88 227 180 162 92 217 75 19 240 134 24 277 239 129 183 174 95 241 197 123 237 36 181 83 22 73 132 158 140 59 46 126 47
43 23 24 21 52 14 28 12 55 62 29 60 51 5 57 30 25 33 10 18 63 45-46 78 89 57 50 96 106 86 118 38 111 84 65 76 73 140 27 4 105 127 7 66 124 32 129 90 13 102 91 52 59 49 104 29 135 22 95 117 101 55 19 97 30 24 63 16 72
26 28 19 32 9 30 13 5 11 34 25 1 18-19 14 5 18 13 1 2
151 108 107 208 42 128 181 104 102 148 228 142 23 226 25 173 84 87 139 213 19 125 190 165 39 195 237 30 145 132 194 175 160 221 179 166 236 113 147 198 163 53 14 72 83 209 114 150 69 164 224 137 58 112 174 241 240 219 230 117 33 127 178 116 71 15 121 92 48 18 79 81 156 86 5 140 238 222 109 96 62-79 61 224 81 52 86 137 119 135 139 231 196 89 93 142 148 127 227 122 91 201 76 166 225 212 233 187 83 186 170 3 73 48 230 232 164 113 176 40 147 179 195 12 124 50 111 71 126 185 229 17 24 234 39 121 239 191 144 145 43 169 44 25 177 207 200 106 80 94 160 110 22 159 214 172 64 116 216 123 1
10 72 88 107 67 66 84 99 126 43 12 61 77 87 4 21 34 15 97 48 100 113 90 6 23 92 9 19 111 18 69 115 76 59 27 30 109 40 31 47 105 73 54-78 98 70 52 8 43 19 24 5 42 96 63 34 61 89 36 6 68 85 49 17 72 48 29 82 84 21 59 44 64 20 40 62 45
10 9 7 12 16 18 13 23 21 11 25 33-23 27 2 6 25 20 12 7 19
29 261 290 41 89 262 154 151 117 229 221 242 2 275 265 214 198 176 300 263 159 6 249 256 129 252 52 284 130 65 71 98 167 12 72 82 271 273 111 222 113 179 277 101 239 37 149 74 138 170 183 255 4 241 24 225 173 282 266 22 132 10 164 235 55 196 172 93 48 219 281 160 58 209 283 128 197 3 251 42 155 70 105 257 127 203 184 143 244 230 69 163 86 34 118 268 79 171 145 169-7 18 5 13 14 6 20
191 65 140 188 232 183 76 158 130 92 1 196 160 95 66 47 166 217 203 16 5 176 193 181 7 55 194 11 69 198 84 23 6 178 81 114 152 42 212 220 227 147 138 132 24 26 62 182 63 72 180 70 202 156 43 101 40 78 89 109 105 122 67 45 214 209 137 104 165 123 107 102 117 190 87 224 113 68 149-146 145 192 35 27 142 28 139 84 46 53 70 107 52 13 60 83 23 4 162 76 138 109 103 33 168 149 21 127 158 78 175 172 49 67 174 198 135 41 155 48 157 180 2 133 74 61 14 116 194 177 57 128 121 88 82 20 186 31 101 79 81 126 100 39 32
47 112 70 84 62 139 109 110 137 37 79 127 73 93 102 83 16 74 35 92 134 68 129 43 34 39 36 136 44 103 71 21 3 51 142 61 138 10 31 98 7 53 20 32 105 14 24 26 145-83 149 124 97 3 87 56 168 74 121 112 165 233 279 203 101 175 48 11 202 39 146 126 161 151 106 84 135 152 263 163 278 241 184 204 14 28 53 160 221 51 189 239 267 130 216 195 108 59 85 272 166 50 281 257 174 96 44 141 36 144 254 29 129 150 63 35 190 60 25 120 80 269 153 211 282 157 107 26 102 34 136 132 250 252 49 114 69 103 173 199 125 10 273
79 233 14 2 251 94 265 179 4 89 84 92 128 117 178 30 220 77 181 68 69 172 52 237 232 208 247 43 6 248 273 158 176 222 170 56 88 23 42 254 223 18 9 22 122 185 261 169 271 100 262 58 142 217 130 267 78 230 120 225 63 234 121 110 95 27 213 266 81 141 255 221 180 195 113 75 82 57 184 34 270 29 126 174 44 131 238 165 71 76 70-23 35 4 28 18 14 25 27 38 40 34 42 9 41
10 7 12 8-193 183 39 77 276 78 3 289 103 287 79 135 123 164 247 177 250 229 114 285 209 64 108 233 264 74 145 130 4 75 16 101 283 254 36 196 105 34 217 240 127 216 238 44 120 202 230 271 206 55 214 99 169 133 231 141 89 220 63 186 57 139 126 83 98 119 20 252 153 277 132 266 224 49 148 166 215 2 45 66 185 236 195 179 128 109 73 184 161 274 218 225 41 46 226 205 265 94
57 25 26 19 20 9 30 67 42 52 41 24 34 53 46 68 49 66 33 72 29 55 47 38-8 167 16 86 134 21 144 63 158 138 53 46 9 127 11 126 147 168 131 122 1 42 95 105 25 97 65 48 49 169 143 77 61 116 70 59 78 7 32 145 130 133 166 94 135 137 71 37 72 2 79 149 117 57 81 82 80
87 224 149 178 143 41 191 132 38 39 63 233 102 4 40 153 25 248 61 12 8 80 50 195 187 52 246 37 174 70 67 119 167 86 148 176 94 130 165 106 49 23 160 151 140 56 145 172 180 3 13 54 231 115 128 116 84 234 136 218 201 33 89 47 205 98 175 46 100 177 125 134 183 92 210 222 43 138 212 206 101 131 238-135 170 257 134 33 244 252 245 67 200 197 106 119 224 263 147 199 61 182 92 45 39 74 179 26 38 31 109 223 125 18 225 141 213 159 87 40 75 208 193 57 73 175 128 47 180 6 82 246 78 101 16 162 232 69 241 139 247 49 126 142 117 152 63 2 205 60 97 191 150 110 13 56 86 256 21 58 153 10 178 265 131 64 41 248 221 218 5 68
35 25 89 111 37 54 114 87 1 64 107 65 109 30 59 3 16 77 105 90 8 67 26 88 80 63 108 49 44 85 42 91 81 99 19 72 106 61-23 22 7 17 14 18 2 13
145 20 135 137 82 144 21 140 56 9 233 55 174 84 32 136 13 195 198 101 27 141 102 155 28 234 22 205 36 214 33 236 78 218 254 131 115 200 90 104 127 43 166 123 148 106 248 42 249 88 240 241 161 6 114 223 124 238 217 165 92 93 151 164 3 75 45 44 186 65 50 57 48 204 149 12 133 103 178 76 134 244 184 10 46-27 19 6 23 3 5 7 13 26
81 4 14 155 203 178 106 174 19 38 1 117 119 92 143 152 153 179 34 88 194 29 53 165 156 141 154 113 175 9 151 123 144 71 86 168 140 47 188 63 11 67 80 172 145 149 6 107 35 27 13 96 100 164 31 187 28 116 148 199 157 132 112 18 91 183 171 50 54-18 109 203 65 68 34 88 102 48 192 4 90 163 156 124 104 17 215 129 46 103 97 214 190 71 31 42 206 145 105 3 107 89 164 128 172 157 41 9 66 216 153 134 177 150 98 176 23 44 225 173 120 139 52 91 196 162 85 8 49 92 127 83 174 133 175 100 72 152 6 5 15 169 86 179
16 9 28 41 150 96 139 25 143 146 79 34 100 51 39 68 35 64 123 167 165 163 120 20 142 80 168 160 55 60 76 117 84 136 70 12 93 56 140 13 107 59 19 118 94 131 85 97 158 145 78 151 40 5 42 115-20 171 153 27 221 52 160 73 190 35 157 54 46 124 43 161 37 179 90 206 188 6 141 155 76 156 105 100 61 213 81 34 32 121 72 233 138 127 151 56 59 69 71 220 235 21 170 86 55 148 177 209 3 82 158 167 103 142 154 99 26 117 8 65 145 228 144 14 74 63 122 187 84 180 119 66 192 129 137
1 2-180 245 74 97 95 179 223 42 118 225 106 241 41 59 221 87 2 182 130 96 65 174 123 52 76 212 144 37 167 113 102 15 186 34 53 14 75 30 168 99 27 63 72 194 13 126 160 209 71 240 129 146 158 148 237 16 169 67 73 165 196 104 101 137 191 22 214 256 3 147 246 77 8 125 152 109 156 91 217 206 50 122 61 181 132 219 218
98 123 144 170 103 117 143 91 156 13 60 130 74 90 119 106 121 25 190 131 154 188 29 69 150 125 171 113 201 104 48 179 12 207 72 56 107 102 43 148 133 20 155 145 8 65 165 162 18 191 78 58 53 76 174 62 197 149 84 199 122 36 175 101 99 153 66 152 17-122 245 26 198 233 62 73 127 256 162 199 8 94 257 161 200 158 179 84 189 80 229 225 30 53 51 18 38 236 173 208 117 119 175 130 171 159 255 7 226 251 240 11 136 180 40 20 186 13 37 52 21 195 70 59 112 201 116 190 104 145 246 150 249 60 50 19 31 106 139 224 188 12 45 2 172 102 230 196 67 197 177 210 203 192 156
35 34 16 19 26 15 2 13 5 14 32 10-11 34 15 13 23 43 10 32 37 4 47 18 5 1 51 40 19
136 21 132 63 114 137 106 90 73 133 83 52 32 20 10 111 126 15 79 60 27 9 101 48 34 61 88 92 68 72 130 64 134 89 7 41 36 98 99 56 11 141 53 65 121 145 55 93 28-147 275 137 22 65 76 26 123 239 158 115 58 69 8 187 259 217 72 228 161 184 152 247 133 198 13 220 146 167 110 126 144 11 195 119 25 143 165 97 246 214 188 34 107 193 56 38 111 242 81 236 80 17 148 95 277 89 5 94 200 205 46 15 162 233 78 186 14 92 150 248 28 266 47 104 261 2 117 40 209 273 170 192 178 280 131 226 68 75 86 10 155 267 129
138 77 108 86 132 130 105 46 141 52 98 57 67 73 71 60 11 137 107 2 102 62 6 127 104 91 97 84 66 33 23 17 92 113 42 109 26 20 101 111 47 81 22 65 106 32 3-137 161 127 66 164 123 63 206 243 78 69 117 95 128 223 201 233 18 71 231 4 157 247 221 75 229 191 45 33 230 42 96 24 154 140 47 9 89 235 245 213 60 1 61 130 215 167 44 90 121 21 214 147 122 50 249 197 178 106 98 259 212 105 28 67 252 148 138 143 74 149 129 55 29 49 175 211 73 156 112 228 208 165 184 202 163 37
138 58 188 98 29 57 22 15 74 154 80 37 3 145 102 143 52 198 54 149 108 23 180 55 21 117 97 105 199 42 187 132 53 141 69 43 186 127 18 85 193 153 140 128 68 129 144 7 191 178 2 95 45 94 126 162 49 77 168 70 155 131 81 61 78 46 86-197 65 148 178 118 233 18 30 3 160 196 50 28 27 112 91 165 227 54 103 147 138 219 189 180 185 152 69 66 33 26 215 151 166 10 236 21 88 156 36 217 229 61 232 81 132 115 141 46 52 162 84 107 73 49 124 14 108 188 113 70 154 134 155 171 76 146 158 62 15 114 137 143 5 173 106 47 105 39
127 278 58 280 139 238 65 10 249 120 261 225 134 75 254 99 110 145 222 96 20 199 281 43 160 203 45 7 212 197 114 140 115 175 136 255 111 205 192 180 125 122 165 98 232 56 191 284 247 266 253 47 36 285 183 166 1 116 276 112 49 103 88 129 214 250 71 267 158 28 138 46 208 282 35 273 164 118 29 80 64 242 210 257 167 159 72 206 219 17 12 63 34 239 162-37 88 56 24 146 7 121 129 66 128 108 53 97 21 51 127 33 77 49 2 101 19 55 125 100 123 41 75 93 95 36 3 151 50 89 147 140 135 27 86 107 96 38 16 99 98 126 70 13 160 137 52 11 148 170 133 118 120
6 4-49 9 18 35 44 15 23 14 20 34 26 43 40 11 36 52 29 48
63 33 53 29 77 56 45 24 72 40 25 48 10 80 44 78 5 57 88 64 8 21 20 65 7 6 31 68 14 54-235 278 247 153 204 100 262 170 279 219 203 35 149 21 101 43 51 249 54 190 189 119 57 24 180 261 134 231 220 202 177 26 91 210 175 67 265 154 123 30 253 56 168 130 50 113 5 214 199 171 248 135 79 176 105 193 237 44 122 49 160 58 73 29 65 167 161 185 39 142 103 77 111 46 115 208 205 271 114 227 140 151 14 172 40 22 61 144 155 258 138 217 106 157
10 36 14 20 29 5 19 2 3 31 21 22-179 42 112 54 67 68 96 80 110 37 131 114 49 29 27 58 28 33 15 153 39 126 35 152 47 75 19 149 13 192 2 198 124 147 156 104 141 166 177 140 155 11 76 181 194 12 31 142 5 186 7 154 130 4 65 182 92 119 63 190 125 148 135 129 160 121
138 34 81 51 214 172 169 160 220 35 219 213 84 225 107 134 190 200 211 128 152 174 228 31 77 94 101 6 40 52 58 158 69 199 244 235 223 141 1 232 96 20 109 78 167 57 8 178 44 161 30 133 62 19 136 239 147 24 149 56 162 206 245 215 37 143 125 146 104 14 73 209 170 63 171 184 188 79 87 216 116 71-41 67 53 10 36 52 71 35 51 16 63 6 47 19 43 24 39 64 29 25 31 30 85 62 59 3 81 5 32
142 14 114 37 128 48 86 103 10 12 77 68 56 108 50 27 13 47 42 76 72 7 23 34 102 21 16 106 49 141 30 137 112 3 129 130 85 90 93 15 143 59 6 24 88 22 54 107-208 147 4 192 146 163 108 27 156 131 48 221 232 186 65 40 97 121 231 179 75 226 21 219 56 142 66 117 150 233 79 143 45 71 235 104 35 168 166 215 99 37 164 86 109 2 180 183 16 198 140 101 53 36 205 67 70 7 239 187 217 50 138 8 206 201 130 19 127 83 204 134 59 153 118 11 32 114 111 84
