17 23 10 30 2 10 12 29 9 7-18 18 4 22 4 30 4 21 12 30
50 19 118 122 133 8 23 8 85 1 31 108 61 76 94 35 59 124 85 17 84 144 90 125 73 37 67 102 4 64 140 110 127 68 27 26 68 107 118 142 11 143 15 118 62 112 93 114 82-36 142 107 143 66 102 62 83 70 53 53 54 53 40 120 22 31 100 49 132 123 50 136 142 137 37 107 33 89 78 91 11 135 33 93 88 54 99 5 69 94 123 103 84 18 81 57 6 98
8 9 1 3-7 11 10 3
232 172 172 239 48 38 40 40 240 259 108 256 127 146 174 61 46 242 241 169 84 113 236 195 28 6 33 86 252 189 79 105 134 73 128 104 176 257 186 140 238 111 149 188 20 48 85 50 195 165 49 13 223 163 110 257 210 68 1 59 175 177 35 261 120 132 99 189 153 155 230 85 55 260 100 191 200 133 5 38 8 233 2 152 98 176 8 221 59-188 90 1 145 261 256 89 45 73 174 139 73 181 165 202 81 258 264 19 138 70 88 197 48 31 191 176 44 189 23 45 160 49 130 113 81 119 227 177 124 191 155 75 43 237 171 44 265 104 146 97 27 249 250 43 244 3 191 163 189 53 168 154 66 231 133 258 65 217 265 131 246 217 43 212 66 243 30 209 115 63 225 242 218 234 244 245 9 129
12 60 33 32 101 93 48 38 121 116 105 77 7 98 81 35 53 104 84 48 114 71 78 9 68 69 107 118 94 3 73 119 107 80 41 11 40 75 111 14 92-116 108 42 95 64 79 66 53 64 8 56 81 95 106 38 51 92 89 58 8 53 51 22 64 82 93 14 78 116 77 14 13 97 97 13 104 62 95 2 11 107
14 37 56 8 4 50 28 28 45 5 48 4 31 51 56 9 31 19 12-12 27 39 17 49 32 45 3 43 9 37 16 22 18 8 41 40 14 3
24 79 20 7 61 48 60 10 50 64 6 3 71 59 37 7 60 38 42 31 44 27 62 1 20 86 15 24 59-17 16 5 86 79 44 49 23 40 50 4 33 63 56 28 44 34 19 14 54 79 58 7 53 57 52 72 52 4
62 41 162 141 131 61 182 52 173 103 233 190 143 243 119 6 205 134 83 220 166 8 254 73 187 221 179 39 165 39 81 100 208 147 6 104 112 89 131 99 232 100 114 63 244 229 94 8 36 217 237 160 160 49 246 126 128 206 214 113 204 128 128 59 252 234 201 159 32 213 143 233 32 173 237 66 218 85 209 252 28 22 241 238 190-7 30 227 20 171 210 93 175 13 52 61 127 103 118 128 208 218 82 162 189 55 40 42 149 199 18 22 57 64 126 153 47 171 185 1 107 137 60 47 187 159 91 210 41 79 243 13 73 180 110 221 110 69 198 120 172 145 174 125 21 35 227 183 103 116 98 203 9 162 247 110 6 231 221 244 138 110 150 115 162 31 219 164 25 207
70 193 144 45 216 77 66 143 39 87 105 175 26 194 170 108 19 75 187 83 131 209 62 180 17 89 74 167 216 195 122 191 14 227 153 188 89 177 160 176 196 13 175 163 72 201 164 34 136 72 159 98 101 2 208 121 29 147 161 79 170 49 179 36 151 215 182 182 104 169 226 72 78 8 41 39 164 200-161 41 162 151 93 166 149 141 212 71 82 213 54 32 93 64 29 9 153 224 184 68 116 175 164 92 171 12 71 33 163 142 66 159 224 154 54 2 3 198 112 105 218 119 112 185 20 85 158 3 154 159 103 175 158 6 12 115 130 12 137 234 71 34 13 154 14 105 171 57 65 139 189 53 54 32 84 215
166 101 207 190 41 12 111 221 97 110 229 229 176 171 168 81 168 35 52 35 52 47 126 25 61 77 63 38 164 126 186 185 178 9 139 179 87 153 150 169 161 107 211 161 52 192 141 121 23 241 81 13 232 37 91 96 116 141 189 183 236 67 57 141 46 15 52 99 196 26 44 217 51 178 87 151 190 61 155 204 111 155 46 6-146 63 135 232 216 90 219 241 247 88 202 113 15 235 46 120 141 214 165 217 52 17 177 4 134 159 128 122 49 207 153 68 214 26 94 79 112 174 249 13 16 7 142 21 28 210 200 62 140 47 224 152 130 229 165 219 202 168 15 89 106 125 52 33 2 128 209 162 109 92 75 11 217 219 164 143 56 209 158 237 121 85 60 139
148 190 178 129 15 120 90 95 141 154 103 151 67 48 164 59 129 41 4 157 55 142 59 182 138 168 53 6 141 136 23 148 81 188 145 177 124 110 170 135 137 18 64 20 30 133 32 140 184 158 77 17 144 169 119 85 159 45 144 106 98 11 149 57-131 135 79 156 131 64 46 116 187 62 121 128 33 82 174 114 16 150 99 8 177 41 112 61 71 32 79 119 159 44 63 171 121 167 57 136 23 158 178 180 55 161 164 12 46 11 88 78 177 79 69 145 54 70 10 55 104 166 131 178 19 109 94 50
202 191 202 34 65 190 138 51 178 202 7 185 151 132 96 234 39 268 82 205 86 176 214 88 84 246 80 181 164 246 120 155 182 199 53 244 266 152 30 163 20 255 78 17 195 249 62 240 67 204 109 155 202 202 142 249 114 93 233 37 241 100 123 277 272 232 261 171 99 152 170 256 149 90 247 86 83 24 133 189 173 93 165 81 47 9 262 2 160 59 56 268 83 56 241-29 214 280 67 219 216 28 227 240 210 9 90 36 74 204 73 133 41 140 129 119 48 25 209 109 93 123 216 256 180 84 214 164 223 47 243 240 73 148 124 131 52 112 206 236 134 2 135 41 117 145 257 8 183 223 247 71 40 134 74 33 160 141 34 99 279 141 250 207 199 84 116 213 265 174 30 37 83 209 249 51 44 94 75 203 217 171 194 216 254 73 228 196 119 194
153 124 7 102 106 31 47 115 77 137 146 61 95 118 126 101 3 70 87 57 96 36 122 87 69 38 80 45 112 7 4 152 135 70 120 71 28 2 70 38 146 124 76 23 51 128 79 41 62 112 42-54 134 59 20 61 105 26 98 37 109 130 63 18 1 104 57 78 153 82 17 144 112 52 147 106 20 101 4 93 30 114 112 6 126 60 55 70 14 107 123 43 46 146 103 6 32 84 100 28 95 93
103 159 201 201 59 29 136 79 229 57 121 240 47 93 138 223 184 110 65 62 43 48 222 102 103 67 211 20 83 136 179 69 149 75 129 105 46 187 48 54 232 49 146 155 24 81 151 188 135 181 193 99 124 213 61 82 86 169 45 5 5 60 209 55 30 104 126 71 239 196 18 78 85 218 10 234 127 87 209 78 222-217 50 158 134 225 176 185 126 31 113 153 115 55 50 215 210 241 106 199 37 165 173 50 119 130 234 70 155 230 162 22 103 199 177 74 2 138 51 42 137 161 238 118 115 156 169 226 39 218 88 155 121 96 243 159 82 77 19 143 76 143 200 116 9 136 46 82 133 166 20 82 184 27 70 99 169 44 37 237 229 23
55 23 38 28 32 36 54 52 6 44 36 46 24 42 57 34 30 49 51 32-15 45 26 41 13 10 40 11 32 55 36 39 38 39 46 6 59 37 48 43
144 138 61 91 27 162 102 169 91 23 110 150 72 42 11 45 93 21 101 104 40 171 159 61 36 81 167 94 31 72 68 165 37 167 123 51 136 114 119 111 46 103 45 109 48 95 107 15 171 126 156 61 139 67 24 119 154 135 165 146-43 151 33 7 20 4 140 103 135 104 89 128 97 112 3 16 157 158 115 180 28 68 12 75 53 146 92 154 65 170 32 84 166 172 177 111 133 122 156 71 59 19 23 44 25 4 15 101 169 119 16 66 153 12 36 48 104 142 17 37
196 99 71 162 266 236 160 149 170 42 160 112 228 243 30 35 176 207 236 224 144 252 34 267 129 48 272 9 105 269 35 236 34 190 197 63 40 118 25 259 60 267 52 102 129 111 9 155 173 43 170 220 180 269 46 161 50 237 48 236 58 157 50 60 20 153 73 182 220 183 74 223 85 135 111 102 8 63 194 245 252 129 276 78 76 206 169 165 73 221 165 128 119-133 129 221 69 209 260 134 165 53 69 266 138 246 173 90 73 109 105 260 190 266 208 57 7 184 118 261 83 26 269 2 127 238 252 202 64 22 27 18 144 255 79 169 55 167 247 252 208 124 8 240 220 79 31 16 279 18 279 65 72 269 276 63 159 248 25 130 87 12 80 221 261 146 200 149 43 204 18 2 156 161 5 37 148 76 210 114 193 244 79 256 38 229
38 75 166 111 120 167 114 67 40 86 37 163 81 83 43 155 20 103 62 150 130 77 103 154 150 35 125 67 30 114 6 163 70 33 44 104 111 98 103 137 172 15 20 167 103 89 104 117 14 49 119 15 9 143 112 60 17 29 57 98 85-138 106 65 19 35 24 101 114 30 3 100 38 2 79 9 126 22 8 69 57 142 39 166 44 88 119 79 164 133 4 129 77 137 172 33 19 44 168 98 130 179 12 173 8 22 57 59 146 178 39 126 68 104 7 32 154 119 77 58 117 34
133 28 78 114 127 61 10 10 27 27 94 122 80 3 97 36 59 18 28 8 116 98 24 3 53 122 127 30 23 23 35 6 125 135 52 117 109 59 65 29 116 80 63 67 65-56 50 22 31 125 113 42 72 38 88 122 92 40 11 15 115 102 26 2 130 41 18 28 55 111 40 5 105 27 38 57 58 127 82 45 54 12 77 119 110 58 41 123 63 56
5 13 1 10 11 1-9 16 17 3 10 5
122 61 73 148 145 8 86 78 49 102 86 104 133 36 88 43 75 89 21 156 66 29 19 63 136 154 37 102 146 113 76 151 56 148 134 124 98 136 38 45 110 52 30 161 56 28 91 24 22 96 94 160 154 39 75 88-150 100 40 40 63 144 80 79 49 137 146 70 27 138 112 115 149 22 123 118 42 76 110 134 131 28 23 8 52 121 103 135 79 132 156 2 119 114 7 8 83 16 57 163 115 79 152 40 154 49 136 126 75 9 113 110
200 26 120 156 96 108 174 70 41 145 213 125 62 181 149 18 114 118 5 19 59 171 91 61 66 205 43 157 190 178 75 219 198 91 1 30 56 27 186 200 72 205 173 97 184 134 165 114 42 156 180 140 197 193 212 54 179 8 164 31 172 182 154 194 34 4 98 3 39 124 137 19 218-157 174 38 28 45 151 38 49 149 108 210 109 208 50 143 24 7 141 121 165 144 56 4 94 111 189 55 101 23 150 136 64 134 97 175 54 31 89 33 150 174 176 16 145 173 81 140 104 41 82 105 177 39 131 136 205 201 164 169 62 26 74 146 7 204 118 10 159 1 172 166 148 17
146 29 146 142 52 16 37 128 43 21 148 132 102 22 97 78 155 164 145 145 66 114 115 161 43 31 64 110 143 102 65 72 160 130 122 41 168 159 28 36 119 63 80 90 56 148 15 154 130 54 142 78 52 15 137 25 7-143 118 129 151 15 90 69 34 28 7 18 26 23 91 59 11 75 136 53 103 22 23 160 6 149 141 122 158 140 52 130 152 65 101 1 158 81 21 106 116 125 76 67 96 12 49 18 160 1 24 156 128 19 97 164 123 165
147 114 201 65 18 94 201 7 174 197 112 29 112 36 191 136 139 14 3 63 173 48 199 75 163 198 119 84 10 86 134 66 84 143 98 90 149 16 151 10 21 177 103 43 21 25 179 45 186 98 192 95 56 185 82 21 163 64 119 172 203 178 210 110 171 162 183 100 80 165 118-65 183 52 79 113 16 203 84 84 155 182 37 37 199 59 160 186 92 20 126 79 76 134 25 12 73 38 123 140 163 105 127 201 138 154 158 27 133 16 88 85 194 151 30 81 165 49 197 29 12 133 100 128 156 132 31 22 135 65 143 79 186 66 210 10 58 45 111 168 161 71
73 149 55 107 150 47 103 155 161 160 170 16 104 154 165 66 148 141 53 194 200 153 57 67 178 82 59 91 80 199 109 18 121 7 58 31 131 83 120 117 131 204 102 115 196 45 26 125 81 71 63 133 38 68 102 82 122 83 75 59 97 164 163 78 4 156 70 194-179 42 26 19 113 156 176 152 140 19 203 189 37 142 163 150 168 2 125 123 158 124 154 118 134 30 170 4 139 47 128 176 24 110 93 132 77 17 77 138 61 171 62 3 131 105 112 163 146 103 188 128 44 153 48 24 89 171 186 81 31 111 126 139 122 17 72 79
38 155 127 214 243 199 248 1 178 225 226 182 183 250 178 95 23 35 94 101 128 244 113 12 168 8 91 167 105 72 173 104 207 188 5 204 210 76 255 97 49 45 85 114 191 155 246 6 189 165 13 139 196 30 259 223 55 87 183 101 84 239 74 73 178 151 197 149 85 76 251 12 253 210 144 89 249 206 31 193 4 193 165 64 84 23 201-107 124 92 66 66 142 168 120 114 12 239 115 231 82 240 199 21 256 26 75 259 34 258 136 36 250 261 44 126 118 68 71 12 190 3 184 73 123 13 51 11 75 223 239 258 26 70 125 114 191 103 250 234 149 45 203 169 76 229 54 51 179 55 191 138 11 248 60 207 115 135 80 86 136 171 137 87 34 170 132 10 95 127 208 168 128 136
79 60 39 53 31 67 67 69 54 38 28 4 44 62 2 84 22 5 28 21 45 48 8 8 15 19 18 83 47 74 72 9-88 52 44 70 50 3 72 87 3 12 10 49 63 70 8 68 75 95 3 89 81 35 5 58 6 61 56 1 1 20 26 54
73 80 56 6 81 66 36 15 69 92 34 37 77 54 40 68 21 82 31 74 23 67 17 17 8 74 88 71 53 12 85 23 29-27 36 92 34 97 39 93 41 95 86 99 68 47 65 40 16 80 45 11 85 12 60 52 67 46 68 43 49 81 99 77 66 40
55 30 37 49 20 63 16 21 20 13 8 30 30 20 50 64 19 27 22 43 3 3-28 44 52 34 32 4 60 58 21 35 40 22 54 30 57 1 32 8 54 46 17 31
37 24 91 139 174 112 156 60 7 99 150 97 47 84 93 46 76 31 97 125 149 111 141 47 165 135 149 138 86 172 86 111 88 57 113 98 56 32 46 31 86 3 123 53 146 95 146 21 102 79 28 139 21 144 174 10 70 16 49-40 109 173 25 72 12 147 34 104 112 100 165 109 77 174 85 112 3 37 125 115 164 5 96 86 158 50 21 46 162 97 176 139 95 159 68 160 75 77 119 54 3 54 59 7 23 127 168 32 114 134 132 78 95 87 67 135 1 155
69 33 6 34 12 19 67 4 81 72 33 81 16 21 27 72 56 5 7 32 23 56 86 86 76 57 66 27 24 61-9 85 83 28 23 33 13 81 90 4 33 45 31 62 54 88 64 25 48 54 53 58 84 35 74 2 44 47 55 69
86 25 32 35 65 40 10 60 41 1 26 23 8 76 24 65 72 60 12 83 22 76 33 6 21 41 80 20 27 66-14 63 84 57 5 38 48 42 50 59 67 58 51 68 4 32 10 63 51 88 74 71 47 79 41 35 48 35 16 45
153 67 120 242 102 60 167 17 202 235 212 10 15 97 153 64 71 256 90 58 167 240 77 175 166 135 227 261 259 260 135 106 68 90 52 98 231 1 42 102 142 243 82 152 26 139 44 24 36 126 71 77 169 8 201 212 115 91 90 8 85 142 223 250 168 172 231 265 128 50 63 29 202 54 77 235 242 263 113 243 60 247 109 110 136 95 269 26 62 47-238 144 95 164 71 98 253 69 258 31 110 128 44 235 267 40 6 85 176 266 117 183 179 170 106 124 242 96 54 26 123 53 115 226 110 115 248 187 138 137 111 91 236 38 12 217 117 254 94 236 270 206 164 15 184 149 40 146 59 38 30 181 133 30 256 166 214 172 258 142 157 118 191 99 2 173 106 211 7 5 265 211 93 215 5 159 84 174 82 88
61 89 35 60 80 9 81 90 14 91 2 32 59 58 81 42 6 39 23 46 62 7 65 83 27 36 72 91 80 11 65 60-63 50 59 89 49 48 28 38 38 40 15 5 2 30 46 4 4 84 65 96 35 19 41 65 47 64 34 68 42 22 10 78
19 82 102 120 58 2 4 105 62 42 128 91 101 81 76 47 24 77 96 76 82 99 126 75 41 100 22 8 89 132 57 26 13 53 90 47 82 42 79 117 52 55 79 38-76 4 13 28 2 58 56 106 81 35 100 44 78 67 11 95 85 49 9 31 103 88 123 11 3 30 45 68 44 68 64 103 100 76 114 29 36 13 117 24 77 120 121 2
60 70 107 99 70 77 45 124 122 131 70 124 79 5 94 101 105 13 13 90 73 128 52 46 106 122 108 112 26 130 106 53 85 29 94 29 56 2 65 81 68 111 59 66-48 67 94 100 67 90 96 55 18 44 69 19 20 62 114 20 70 48 108 88 41 77 106 31 63 109 45 13 24 19 107 14 73 15 77 66 91 126 29 78 30 18 43 106
80 68 47 39 73 37 80 39 54 19 15 48 61 14 71 27 74 8 50 1 13 17 23 16 68 80 2 39 73-69 43 5 28 2 41 15 17 46 26 41 32 8 12 47 57 27 31 72 8 75 68 36 3 4 75 18 75 56
21 77 67 75 63 86 33 76 94 124 118 115 101 46 107 42 77 136 74 139 57 134 28 126 27 139 5 5 65 11 21 3 87 91 120 26 73 110 115 52 100 101 98 17 69 72 38 89-97 58 12 83 140 65 57 15 137 69 107 51 27 42 69 116 100 107 113 45 88 2 62 94 81 3 96 137 87 92 144 88 53 55 82 27 117 70 53 132 135 107 42 22 135 122 23 52
23 26 17 10 1 29 10 10 33 5 16 13-2 5 5 27 27 6 27 36 15 16 2 25
69 97 194 218 9 183 60 239 29 181 93 152 145 139 169 150 34 141 240 11 92 157 40 160 173 257 126 3 60 181 149 112 176 251 53 198 81 178 206 239 45 50 70 34 56 53 112 214 41 159 80 31 46 70 227 47 126 13 20 223 158 92 119 39 173 21 246 224 132 241 183 152 240 197 12 27 10 146 186 3 259 182 7 159 93 228 27 215-234 261 222 159 51 169 143 232 223 155 166 8 160 221 145 198 139 156 96 47 1 192 172 89 96 208 80 144 201 89 126 223 156 223 203 217 30 257 153 125 97 155 160 150 113 225 189 179 250 25 162 113 205 26 71 133 95 62 256 167 159 193 232 149 61 244 18 30 83 231 249 202 234 46 248 227 172 117 177 211 263 43 158 169 142 61 125 150
146 92 231 146 150 183 146 85 182 170 209 37 254 114 251 41 138 25 108 77 87 89 214 277 77 273 70 259 62 64 279 28 192 230 203 210 36 163 36 3 81 111 155 243 238 32 201 50 106 279 155 67 8 72 10 48 250 34 264 84 254 233 6 113 87 216 220 129 127 259 171 70 87 192 19 99 162 247 247 187 174 38 152 175 30 77 261 244 10 249 229 259 98-134 223 36 121 5 166 242 164 178 52 51 77 107 106 80 212 145 30 139 149 117 2 276 95 219 69 277 183 121 159 234 230 227 114 38 187 243 130 278 171 200 64 253 167 63 68 25 196 173 224 56 4 77 17 29 150 228 38 24 220 33 231 180 88 127 3 10 236 107 195 155 138 273 177 18 12 100 169 248 274 44 183 202 114 63 127 44 266 20 172 90 196 121
198 248 187 78 169 76 44 170 164 117 242 63 125 250 43 247 159 187 113 142 15 56 130 31 183 60 195 12 159 190 55 47 47 201 64 180 44 30 122 51 60 198 187 132 225 50 36 23 132 167 181 106 116 244 124 249 134 217 1 7 33 249 15 110 102 148 195 5 167 142 155 98 124 194 13 88 188 97 82 250 233 62 248 88-61 147 110 35 176 12 123 221 222 219 182 144 229 155 216 208 203 1 143 153 93 46 180 150 70 146 7 130 160 51 149 87 24 143 14 45 179 76 185 150 13 70 238 228 248 242 19 27 6 170 204 120 241 64 67 247 3 120 147 39 47 41 76 74 57 210 113 232 169 65 106 211 52 215 218 102 82 108 163 202 29 36 196 17
173 214 67 5 204 102 20 145 75 142 90 59 155 169 54 31 187 133 170 14 109 87 35 125 34 182 92 20 111 111 12 198 122 123 24 53 196 69 172 193 168 70 172 161 117 71 136 155 107 209 57 67 210 40 65 179 44 11 18 132 140 59 87 41 61 162 113 155 94 174 149 193 9-188 206 46 93 213 102 155 140 67 66 71 5 122 151 75 145 127 91 23 209 113 22 210 46 103 139 12 197 36 172 46 18 177 157 72 172 85 192 64 123 42 162 155 114 131 111 117 189 115 186 149 64 25 29 28 117 65 78 173 8 46 18 75 63 22 209 185 182 174 190 81 40 181
83 21 53 108 37 28 124 137 51 16 73 149 129 19 30 105 88 27 113 44 28 117 5 70 49 85 87 85 54 5 68 46 83 65 142 29 68 45 107 129 137 96 64 18 89 134 38 13 9 163 34 12 68 84 164 131-75 73 149 39 57 33 34 72 64 133 24 149 91 123 49 64 58 142 102 165 122 162 152 115 164 63 50 28 168 114 93 131 165 146 5 157 33 65 34 69 64 108 52 54 152 111 105 142 158 150 153 167 10 131 8 103
95 133 201 37 12 126 20 45 203 42 86 199 2 183 18 48 76 200 12 130 105 125 56 130 218 118 120 183 101 188 156 26 181 62 165 204 20 6 66 41 86 144 155 101 154 194 215 118 119 58 43 174 2 138 220 104 164 85 155 89 201 104 79 69 109 140 79 56 170 120 4 189 13 10 48-184 50 77 116 124 220 78 107 206 78 15 13 148 73 13 221 72 90 63 47 61 1 191 161 209 100 193 182 110 171 54 148 111 172 217 161 43 215 150 137 166 127 36 35 224 119 196 30 204 223 199 15 56 195 22 12 34 99 157 118 188 147 9 38 192 35 70 7 100 165 181 108 163 61 212
66 82 55 31 50 18 56 74 72 38 23 5 58 13 81 85 33 33 26 43 5 5 79 55 71 86 55 64 69 39 14-53 66 15 37 17 63 27 31 39 37 56 82 25 47 9 53 20 92 73 61 61 45 69 87 59 9 84 82 55 66 30
204 155 56 112 176 131 178 106 212 14 9 104 162 225 6 78 4 2 155 226 44 67 204 116 243 45 213 57 103 22 7 209 17 141 178 11 12 56 78 138 47 81 169 67 22 100 112 11 13 48 114 226 18 31 118 171 70 3 190 186 45 141 161 201 195 21 54 222 2 235 65 144 12 162 137 93 17 126 215 83 207 8 126-191 208 161 161 66 11 241 239 217 243 184 12 191 174 183 96 136 142 61 97 207 192 144 106 201 69 160 126 209 48 79 228 87 211 6 147 169 205 98 58 93 45 3 62 113 212 88 63 16 31 105 235 76 204 149 74 179 51 192 56 99 245 241 219 19 100 42 197 248 104 161 24 56 59 42 45 147 224 233 122 58 229 167
116 180 27 117 29 56 115 67 160 147 136 145 135 128 26 11 34 90 63 158 116 89 16 173 105 152 61 28 82 182 27 69 79 171 145 110 66 23 62 168 126 95 79 152 159 34 85 43 70 85 121 101 97 99 165 147 124 132 146 124 154-50 165 55 96 147 131 163 167 58 145 70 115 154 159 135 24 85 170 16 135 44 96 151 74 10 170 135 122 159 106 85 67 99 100 47 24 142 71 29 5 172 146 48 181 119 117 166 9 128 175 77 149 57 155 75 40 73 68 121 42 69
98 17 33 75 162 99 91 83 157 99 121 119 95 72 56 173 1 143 158 11 72 78 174 170 131 189 187 69 18 123 138 171 40 180 28 179 39 155 176 171 195 44 185 19 175 143 163 168 192 141 34 42 90 43 168 55 40 74 44 70 147 72 191 112 70-56 166 93 107 17 186 96 109 18 5 103 150 147 12 104 5 62 10 86 113 105 71 54 139 138 119 27 92 137 191 66 136 86 186 173 89 48 166 50 10 20 138 51 55 53 37 115 74 52 195 147 65 11 109 36 161 134 33 8 80 163 103 88 184 110
107 154 95 131 13 106 198 191 12 26 194 43 58 108 31 13 155 18 167 41 17 89 109 66 70 147 189 15 13 147 157 11 47 117 118 157 24 175 35 16 123 34 130 134 8 57 21 39 73 116 156 168 91 148 181 156 6 76 131 8 2 44 153 97 143 147-1 71 82 46 42 169 68 58 127 78 81 37 97 79 183 175 133 137 162 171 156 28 113 91 3 74 47 172 147 18 197 176 100 121 114 40 124 141 83 104 147 169 35 116 47 93 132 160 22 172 187 135 56 99 37 133 129 188 27 30 124 195 84 102 3 118
176 241 157 10 192 76 166 204 200 25 72 170 80 59 38 60 46 3 176 131 29 62 56 180 46 125 164 226 18 93 15 85 88 239 75 199 62 126 21 162 194 99 91 247 108 86 19 245 107 251 63 109 41 37 28 185 206 92 39 9 99 143 89 128 205 132 8 137 36 97 60 107 192 107 252 249 236 65 73 30 156 177 177 122 123-17 231 86 71 3 93 148 91 106 60 253 107 34 24 41 105 68 250 103 44 152 41 117 238 252 51 62 238 136 169 215 191 83 189 100 158 153 214 58 142 237 58 10 145 214 165 86 170 123 230 53 141 145 197 189 5 92 208 52 209 186 202 23 25 11 227 54 71 100 1 204 171 239 217 13 99 201 228 126 160 136 96 227 17 13
56 15 19 66 60 78 75 10 25 95 44 13 89 62 53 32 8 2 32 94 10 52 35 75 14 43 28 65 96 86 42 22 64-62 34 48 85 95 25 57 47 57 57 63 72 62 75 7 80 49 55 84 17 12 16 12 24 95 41 31 34 24 4 19 74 6
143 12 65 106 79 65 85 115 4 44 57 54 19 149 120 91 35 55 61 34 45 3 35 84 129 78 58 75 113 4 91 44 85 7 125 54 33 54 90 142 124 31 131 29 137 50 83 78 68 81 46-28 126 39 80 13 1 64 58 114 15 60 35 67 42 12 30 71 151 29 66 48 1 87 93 99 84 40 143 67 123 121 115 57 92 64 100 83 89 79 94 36 28 102 25 25 99 135 106 126 29 148
2-1
78 5 43 27 63 66 71 37 71 44 61 72 34 41 44 25 40 8 70 25 72 32 21 27 71 62-31 23 73 26 58 57 48 17 27 63 42 50 68 77 37 56 9 64 10 67 72 71 19 10 57 65
22 20 39 57 60 6 47 11 62 9 6 60 48 51 12 55 62 46 55 55 8 46 47 38-10 17 67 34 40 11 23 67 53 7 23 72 22 45 1 2 3 19 37 50 69 7 30 30
194 56 75 153 120 180 149 54 150 26 186 74 210 150 171 148 89 83 87 18 99 53 32 160 102 123 79 44 71 28 185 189 45 208 107 85 21 51 45 35 114 42 91 203 118 194 35 100 132 47 43 170 144 92 66 93 19 49 67 18 218 24 61 193 175 114 161 169 64 136 30 171 180-45 156 113 94 6 112 192 210 202 211 165 175 161 111 14 168 11 163 130 65 149 128 7 9 172 180 145 32 67 79 80 7 122 174 17 192 139 215 201 108 168 41 179 136 59 55 101 33 48 60 27 1 83 64 1 128 67 31 99 104 40 106 210 70 140 62 153 127 158 135 48 47 50
128 27 115 29 16 22 11 121 71 55 125 62 27 84 60 36 60 93 83 50 87 97 52 27 20 54 17 92 45 109 113 88 29 119 99 104 59 65 48 124 33 20 82 106-55 64 33 15 28 86 87 52 117 81 99 8 28 112 70 118 7 14 63 43 79 69 112 93 112 2 131 30 29 31 2 48 95 122 74 12 7 7 16 85 51 100 95 14
75 148 159 50 109 219 19 8 73 6 105 32 73 12 23 30 166 55 178 66 73 126 127 128 6 78 95 71 216 140 64 41 108 110 152 114 88 18 180 184 216 175 41 121 154 155 27 211 87 188 135 158 83 189 14 95 138 41 11 190 189 14 125 29 146 184 119 216 130 189 78 20 217 141-54 7 3 184 39 101 100 110 195 207 37 209 69 90 49 129 212 65 133 129 168 77 189 157 204 214 46 14 49 118 152 155 88 170 195 34 185 156 109 79 157 179 204 58 115 33 148 88 179 210 188 133 179 157 214 118 200 120 102 37 155 119 132 86 54 35 216 201 162 82 163 9 74 143
34 9 39 37 18 30 15 1 29 14 4 17 4-7 4 36 37 12 24 1 35 15 26 37 14 7
94 16 35 81 99 86 21 84 102 15 47 110 9 66 19 84 86 95 54 27 25 22 69 38 81 20 102 63 122 118 111 16 47 1 25 79 51 42 26 45 61-64 63 114 47 77 89 4 93 27 67 78 101 71 112 56 120 95 123 120 123 64 94 99 80 105 122 23 45 43 96 53 71 41 3 77 60 106 98 95 28 72
81 21 30 180 153 157 115 178 60 15 57 7 130 98 180 125 150 9 189 186 103 21 128 157 5 182 161 12 57 63 12 11 109 159 180 161 182 131 16 112 63 160 192 33 40 101 193 72 149 28 4 133 71 132 99 159 114 143 92 89 69 105 17 23 71 160 112-139 174 135 76 97 10 91 114 26 9 89 75 68 71 65 68 66 20 137 172 125 19 46 81 145 112 112 79 47 118 97 172 15 200 36 84 135 188 115 132 156 98 173 95 199 52 79 22 169 11 156 67 162 92 16 60 198 171 39 18 124 97 57 8 132 7 74
173 22 124 167 47 186 258 76 162 156 39 71 96 16 29 16 67 182 220 100 250 277 165 189 219 87 140 85 177 172 279 84 209 206 180 243 115 132 123 57 281 165 224 37 222 245 277 38 107 245 170 153 141 94 198 237 191 31 139 142 56 269 177 256 233 202 10 207 80 258 83 239 250 243 112 249 98 57 37 267 197 123 274 249 273 153 93 3 78 2 236 251 40 30-162 62 36 127 11 154 228 144 69 123 204 199 130 231 88 257 262 145 119 278 271 237 171 270 136 204 120 26 262 20 83 209 106 84 39 93 52 224 132 19 200 42 141 139 241 134 282 217 94 189 116 54 282 196 204 37 106 69 26 49 93 53 122 270 158 20 140 52 1 5 208 179 228 264 12 152 88 104 98 255 27 37 119 60 62 280 139 280 28 14 130 276 247 19
166 162 46 45 56 120 153 77 63 50 1 117 117 168 149 20 92 53 79 190 75 112 150 97 36 54 139 44 70 176 127 117 95 60 58 108 142 168 11 119 102 99 158 96 17 82 28 69 119 83 68 70 144 150 38 164 105 183 134 146 20 45 86 86-69 156 41 7 136 62 23 8 76 70 19 57 187 75 176 71 66 45 65 152 147 104 27 128 180 190 150 23 4 110 165 120 30 71 102 134 77 191 50 178 15 163 90 98 1 117 115 105 117 135 162 122 157 150 161 136 104 106 45 92 84 143 128 60
29 52 85 27 63 20 110 94 36 90 39 76 95 41 12 17 103 45 133 114 130 46 98 99 106 109 78 59 121 64 32 69 35 107 3 110 22 88 44 55 45 106 1 94 70-28 81 84 23 26 31 91 14 81 74 54 50 12 130 38 13 41 119 68 28 23 131 76 86 42 38 115 37 78 23 15 103 4 87 63 19 38 83 110 48 74 76 135 6 38
210 8 37 228 252 2 221 208 246 182 142 203 113 271 173 82 73 48 138 217 22 67 118 9 163 39 27 249 145 120 151 268 220 67 133 137 100 1 31 139 57 230 220 236 195 9 207 203 200 263 261 3 111 78 240 82 48 64 167 225 256 45 16 268 50 142 263 92 271 12 40 241 70 173 170 7 47 166 48 151 70 275 181 114 31 251 234 224 18 80 8 119-142 124 67 43 13 19 203 172 128 19 144 13 183 97 29 268 101 105 241 1 97 71 12 26 33 223 46 73 58 33 9 141 71 64 84 123 152 149 111 208 169 13 93 183 133 138 183 252 34 21 118 51 233 92 34 141 174 208 4 101 194 82 184 74 117 256 237 214 225 140 113 64 268 96 203 169 12 190 179 79 225 34 9 263 15 125 134 132 103 143 235 158
11 177 124 155 108 72 51 100 96 12 111 120 157 1 36 8 131 47 124 141 54 166 136 125 162 134 79 88 46 83 172 132 4 47 71 128 105 123 79 137 48 135 118 146 129 1 88 70 16 54 65 119 150 115 151 48 171 113 87-136 61 6 27 85 177 23 71 138 160 98 40 36 149 113 91 163 146 51 60 51 21 62 63 79 167 147 81 163 68 118 121 22 122 48 141 137 63 154 109 72 52 104 102 139 88 4 173 81 125 155 7 41 70 74 172 27 83 69
176 168 170 108 119 129 90 63 81 209 45 83 44 142 86 178 61 142 71 51 6 100 161 10 46 55 187 202 69 139 167 6 145 202 76 170 62 108 183 113 120 48 134 142 76 103 83 118 94 40 46 186 96 171 6 186 37 95 1 15 30 153 22 193 195 65 80 14 190 117 161-105 144 188 138 44 62 120 15 70 114 118 167 70 22 94 110 156 73 73 25 209 5 110 135 95 160 21 119 197 126 129 144 201 172 89 152 176 150 39 17 157 187 78 159 19 62 10 23 52 87 183 175 110 72 68 168 158 2 70 166 46 1 184 193 149 200 21 153 139 173 19
17 6 6 7 40 2 22 32 50 16 14 43 12 18 12 45 30-51 47 40 28 50 38 26 46 18 24 21 29 5 39 10 42 50
221 224 227 95 112 221 34 221 94 78 106 111 98 188 62 154 42 239 3 60 33 246 160 188 90 136 100 29 134 58 163 76 58 37 246 164 78 157 123 107 202 189 253 194 13 26 195 184 39 49 250 1 96 59 18 169 235 209 244 1 88 46 77 226 149 135 210 190 8 198 231 99 85 228 139 143 90 194 64 76 54 23 254 203 181-53 232 207 32 200 250 225 147 116 239 54 129 33 69 34 216 172 173 14 243 165 128 49 29 100 150 169 20 228 63 146 82 207 38 252 134 78 26 40 52 100 91 155 28 205 253 179 185 187 73 160 73 123 147 186 166 5 217 210 158 94 224 212 81 213 159 128 9 217 67 230 110 232 6 116 30 186 249 95 246 87 234 38 244 115
4 6-3 4
20 9 15 76 23 65 2 34 40 80 42 22 55 12 90 90 82 24 16 95 41 27 27 49 79 52 71 70 67 29 77 29 9 70-100 20 51 89 97 32 96 95 71 101 26 90 49 26 21 12 91 62 70 34 94 63 12 99 1 75 45 58 99 75 78 89 62 18
36 45 16 28 3 65 13 55 55 37 62 33 24 18 15 28 63 23 27 50 54 1-65 42 2 61 63 15 60 13 39 12 11 5 46 10 20 47 2 11 59 55 20 7
49 54 51 20 58 64 12 22 8 14 56 49 64 56 9 46 61 22 68 28 14 22 2-67 50 27 46 15 61 1 37 32 25 63 46 67 25 18 13 44 13 11 16 35 42 48
35 12 1 99 90 32 2 20 98 111 93 72 51 75 111 4 49 68 52 79 88 136 77 89 120 71 69 140 80 45 27 95 34 80 39 82 112 10 15 114 115 111 27 83 60 39 2-56 48 107 18 89 87 57 73 24 104 114 101 43 127 28 69 32 95 119 60 107 38 120 24 67 51 119 120 122 62 79 115 56 4 112 47 5 16 120 141 93 138 63 126 34 13 135
30 64 9 1 19 46 51 10 1 11 66 27 21 5 1 21 47 63 43 12 50 41-49 50 10 32 34 8 46 63 35 50 10 59 53 27 45 46 33 20 44 61 35 30
68 61 38 28 4 21 7 49 82 34 46 64 84 7 54 39 86 10 20 65 67 80 32 40 41 14 9 54 43 83-70 46 80 69 34 48 75 25 32 64 68 79 7 81 9 48 82 48 54 55 32 88 35 72 67 22 8 57 16 9
36 10 51 55 28 4 6 42 9 18 35 28 17 15 13 9 4 30 26-21 37 13 35 35 3 27 49 6 9 48 27 49 14 55 17 48 7 33
13 96 17 50 16 79 127 59 8 114 61 58 79 119 63 77 54 20 55 55 106 87 76 133 100 21 134 115 130 40 36 44 63 133 31 21 72 116 28 125 43 50 94 37 33-32 12 79 125 119 35 51 37 53 121 71 82 45 106 132 106 55 86 83 12 49 83 72 43 12 61 5 23 35 10 17 39 99 130 118 84 109 7 130 39 104 116 25 21 35
194 264 4 112 155 74 16 130 118 248 167 21 7 266 141 111 30 177 165 16 120 250 267 33 101 211 214 127 3 46 247 102 170 113 12 164 105 15 263 66 183 203 74 235 77 32 112 284 229 233 142 115 65 288 195 56 272 201 259 219 172 9 255 32 145 131 35 251 12 124 59 9 79 185 74 202 57 161 187 220 120 216 245 215 278 62 167 45 77 160 17 93 198 211 95 142 213-61 145 218 139 257 103 211 31 152 47 101 183 227 28 124 132 134 24 142 212 76 189 157 234 153 162 289 207 187 205 184 267 95 197 52 98 169 218 143 27 96 264 142 209 172 100 213 75 182 77 28 264 26 227 25 160 137 210 63 58 8 109 273 197 50 283 44 121 203 94 39 97 162 240 234 249 120 191 126 49 82 64 101 132 230 190 200 283 10 228 155 268 194 63 71 45 162
66 2 29 15 56 65 88 29 63 15 40 39 26 34 63 92 55 28 26 84 68 52 1 57 78 68 4 50 51 10 83-8 45 43 59 63 10 83 22 71 15 48 66 39 80 17 60 87 82 86 71 43 37 80 85 39 85 17 44 51 90 86
171 87 27 122 52 14 103 10 104 32 199 199 55 113 12 198 109 180 73 98 68 170 138 197 175 97 160 196 127 131 79 95 187 77 120 51 128 150 105 45 183 153 138 9 10 150 16 129 30 97 136 103 116 139 1 143 103 10 110 43 109 109 200 87 179 127 40 145-107 102 160 100 19 81 26 39 78 62 152 199 4 57 42 23 183 59 29 118 103 70 163 158 93 12 6 134 74 191 5 193 128 132 31 132 157 170 59 20 93 36 12 96 200 201 134 171 174 204 172 40 47 139 130 41 176 161 70 49 75 184 59 126 102 174 10 9
160 140 72 132 124 113 188 80 23 114 54 87 140 167 119 8 114 206 16 8 206 58 149 105 175 215 30 139 83 142 133 126 224 138 49 39 168 45 87 94 103 76 93 170 16 167 133 206 26 74 121 146 194 27 196 173 220 185 208 135 214 134 148 5 44 190 107 59 221 217 163 103 92 19 208-46 42 197 47 11 120 88 223 139 42 70 201 52 123 43 121 104 112 147 75 14 7 65 78 219 16 217 39 18 61 114 189 172 142 73 37 31 65 204 40 222 52 24 72 42 125 91 221 137 134 13 38 199 109 37 103 11 3 47 220 202 159 213 222 57 18 7 5 126 104 147 78 217 161 128
73 101 79 137 56 81 158 31 52 9 26 31 7 155 15 68 141 171 142 101 44 98 52 89 150 84 147 168 37 35 43 20 95 167 38 123 109 101 76 56 159 77 40 24 39 141 65 14 94 59 49 161 170 39 49 160 163 102 98-78 154 61 144 163 32 158 129 170 100 50 155 98 44 44 2 52 37 150 96 141 177 72 12 33 62 27 170 23 35 131 47 33 90 46 19 170 24 105 96 58 21 146 170 150 41 93 61 170 175 148 88 54 168 148 152 54 89 31
46 49 44 30 8 37 33 3 26 53 23 10 40 8 27 5 8 26-6 54 21 19 43 9 53 8 1 33 24 1 42 26 38 13 2 4
15 18 5 28 8 23 7 3 8 26 18-1 32 22 31 25 28 15 9 2 31 23
213 85 172 93 47 105 5 28 149 131 86 173 222 46 182 157 85 197 47 224 167 28 72 4 172 229 196 237 105 69 145 186 28 99 8 190 24 114 185 49 212 26 226 180 59 4 183 44 103 74 21 77 207 179 109 215 87 108 204 118 180 52 242 196 196 52 91 77 180 216 49 2 223 103 173 222 170 211 32 34 132-89 79 75 107 188 160 29 17 157 171 185 97 181 167 148 193 209 34 200 139 183 70 11 191 214 138 93 239 202 89 64 89 194 228 84 117 43 242 71 129 10 78 161 190 35 228 43 188 14 87 40 91 78 95 222 183 225 51 19 138 153 154 37 144 7 89 77 215 193 229 79 238 233 223 48 70 146 213 76 228 143
30 30 27 35 31 16 20 20 18 42 48 25 17 31 35 27-27 7 1 3 38 1 31 11 10 23 11 12 15 31 31 42
61 140 115 128 54 59 151 53 98 119 122 93 164 115 52 10 94 90 114 61 124 33 76 116 74 28 76 95 151 54 27 67 80 43 110 108 53 111 165 123 168 31 18 103 85 55 14 117 82 100 113 13 93 169 65 116 84 11-50 32 7 63 72 124 139 42 160 57 21 173 112 160 60 125 17 167 126 124 44 118 26 110 123 50 48 167 94 152 116 72 82 133 40 111 51 70 144 25 6 117 38 4 106 50 47 31 49 62 154 32 95 143 24 125 147 21
6 40 36 16 6 37 38 39 34 12 3 11 30 39-3 26 23 10 28 30 30 41 41 4 19 3 6 33
95 34 77 153 99 129 135 8 90 136 49 115 48 151 45 39 136 144 77 66 112 54 11 108 31 66 61 128 68 63 144 153 24 146 110 144 150 99 44 102 99 55 54 41 46 128 4 139 28 72 104 12-107 55 45 101 41 19 156 74 99 13 84 144 145 93 7 42 16 30 48 58 19 45 7 136 113 50 49 65 37 149 11 125 6 113 12 50 85 99 64 48 7 118 95 13 120 39 13 81 129 119 80 152
152 144 157 28 195 66 120 39 220 93 229 182 130 207 144 113 107 47 153 113 65 102 180 203 193 183 225 236 133 226 119 77 137 105 211 80 135 29 178 82 38 240 165 72 203 135 189 98 9 66 31 132 58 228 214 75 1 3 205 176 40 158 99 172 217 181 69 145 81 245 209 5 12 170 17 152 212 143 182 144 237 153-72 207 190 236 39 129 172 225 204 220 164 240 123 155 71 40 197 87 153 198 165 63 153 126 14 18 189 36 178 46 193 108 43 79 173 50 42 99 220 194 14 122 53 228 147 225 119 72 61 155 180 134 212 73 185 27 182 174 168 76 228 60 122 78 83 246 46 188 209 7 89 208 175 243 233 62 120 159 230 216 132 97
109 214 226 219 75 75 62 92 101 171 156 147 129 119 137 9 76 21 116 129 91 168 39 11 151 56 60 119 103 224 132 92 115 32 218 88 39 11 146 9 126 201 124 218 10 114 99 97 201 64 204 129 155 111 73 60 119 114 136 58 137 171 88 3 142 204 197 166 13 6 136 96 211 37 20 80-174 102 80 87 225 63 53 29 74 198 81 148 36 74 39 228 91 191 141 182 114 23 109 100 132 173 182 8 215 66 28 176 226 221 198 122 46 150 138 9 11 107 198 221 174 70 118 56 204 213 135 115 150 106 11 71 98 204 32 163 40 17 90 36 45 50 137 141 146 55 175 161 8 102 15 213
209 91 18 134 22 156 185 39 214 85 77 209 24 60 169 85 25 29 50 71 95 19 194 150 183 6 32 75 11 70 189 51 74 71 122 125 38 194 33 67 113 171 7 184 163 105 219 46 58 127 103 37 194 193 107 164 152 88 14 124 164 60 191 164 123 116 114 116 166 18 197 69 118-108 119 70 144 133 4 39 10 3 50 4 49 69 173 37 203 194 55 73 99 37 165 149 140 65 11 7 124 53 65 70 9 164 10 1 36 210 16 202 211 144 93 93 139 17 128 90 71 97 60 192 185 65 75 151 137 129 111 144 216 95 117 25 8 13 24 31 137 202 133 47 218 128
103 123 91 47 77 114 30 111 122 100 46 30 46 110 8 79 84 108 18 88 91 18 39 115 120 59 29 69 16 48 5 115 51 50 67 22 67 21 49 105 32 30-109 41 18 121 103 73 20 73 53 73 120 31 69 38 115 30 21 102 89 104 61 44 112 73 40 117 70 93 71 73 110 107 117 99 33 2 4 105 104 80 111 69
1 52 3 93 95 85 86 73 23 35 52 49 2 59 35 67 72 87 90 22 41 29 87 74 76 24 54 32 47 92 82 18 42-21 22 92 51 11 41 37 12 31 67 24 59 35 7 8 72 88 50 54 84 56 48 84 16 46 62 61 63 53 50 41 50 74
60 5 92 49 236 178 84 196 153 83 197 80 104 227 222 139 75 45 104 146 180 4 54 48 238 63 121 24 95 41 105 38 74 18 156 138 254 224 75 70 141 27 215 116 99 81 118 246 134 115 194 221 208 167 64 100 8 29 162 19 211 169 87 31 100 170 192 60 132 253 218 12 59 253 75 18 87 227 70 51 254 116 204 81 29-38 225 180 177 157 154 128 180 154 123 223 4 96 217 119 116 84 113 108 190 111 15 238 181 99 48 92 168 104 23 61 100 144 192 137 68 43 15 104 85 15 110 185 148 130 45 115 107 132 191 195 232 10 210 5 248 192 90 66 29 233 69 123 227 114 228 140 156 13 159 42 52 254 240 55 107 210 220 122 138 143 38 219 67 8
57 251 6 109 146 48 43 51 171 125 168 28 94 255 219 211 241 20 232 275 70 260 164 119 8 72 29 232 84 169 86 51 102 116 44 38 226 216 260 76 74 201 194 54 53 6 236 56 68 153 52 226 258 168 209 229 274 193 121 137 179 175 134 15 71 244 203 235 187 185 96 188 139 81 47 181 267 156 243 254 118 10 267 202 38 57 201 118 277 113 99 189 239 3-219 196 32 17 98 117 279 80 253 187 171 280 228 110 61 230 253 63 54 4 33 20 254 273 198 114 35 75 230 82 244 225 40 238 135 76 213 200 161 92 101 244 97 240 44 35 65 60 20 73 69 195 248 169 172 19 181 173 146 256 99 121 237 238 256 155 244 32 235 181 172 234 170 88 62 21 35 251 111 27 241 66 252 98 227 273 44 278 152 153 153 110 95 38
117 168 242 89 105 87 8 18 9 141 262 158 29 161 28 189 220 76 182 161 99 27 83 128 91 117 260 145 63 226 183 5 117 129 133 216 61 209 176 160 140 260 107 177 257 19 161 221 189 195 60 67 93 7 147 72 196 22 49 198 42 13 227 26 44 100 201 29 248 224 71 151 9 208 187 280 55 281 109 242 51 16 212 192 84 77 96 205 278 119 191 55 31 170 230-53 263 233 223 77 217 206 87 67 238 270 15 94 85 46 3 203 201 64 236 28 145 74 254 92 113 85 5 273 119 171 17 69 20 235 135 188 247 89 66 95 268 20 178 260 110 109 169 105 50 124 284 63 60 134 134 230 42 181 192 240 149 131 28 266 181 146 168 182 30 103 85 39 136 263 132 57 157 235 124 20 190 222 278 247 74 128 136 169 104 15 166 274 50 114
52 53 20 60 75 9 58 71 20 74 51 5 79 29 22 43 51 45 31 33 73 63 24 29 30 37 57-40 9 62 79 30 9 68 44 80 17 79 47 47 50 37 9 70 64 25 23 9 49 72 53 5 12 65
