2701 3581
5 900
44 811
7 386
12 411
16 159
10 965
12 849
1885 2799
47 742
45 578
48670 48961
9218 9623
17 313
1729 1894
45 382
33660 34007
13 88
2112 2718
8 228
49 746
416934 417826
268 476
42016 42152
4642 4884
34 208
1 785
952 1117
8 939
33 118
11 570
1009 1971
220599 221569
982420 983032
30 406
1748 1909
10666 11254
659295 659996
28 703
915950 916309
16 267
12 494
22 449
19 725
25 852
35 897
7242 7639
1645 2023
49371 49683
45721 46243
32 970
17 49
5 44
11193 11685
48 274
22 946
38 134
7 597
2994 3446
997568 997801
4231 4603
4381 4840
14735 15636
47238 48183
4002 4695
3486 4200
7259 7354
8349 8811
27 798
3064 3217
7 802
3264 3444
46 668
14 36
1960 1985
3 895
882 1765
44 471
4001 4115
38 300
14 248
40 628
677253 678238
13685 14050
1948 2680
21 732
41 353
16891 17666
20 273
20117 20631
624918 624998
459 1311
939291 939728
44 287
44 476
3122 4114
18 435
14921 14947
22 170
5 829
