164288 182209847
919 643317286
982 106562177
443042753 953706636
691084389 924641260
976 522000617
14674192 663645846
609733 35449378
791398368 817438839
691181523 767186560
608488820 750695558
324102626 327793971
288 703097740
993 505902566
270 748748139
175831718 580994702
383575263 652115052
163675279 579168321
238626 391447244
798707 781597568
390 470524789
290880848 470290304
582436393 621323955
835331373 994217751
370 47315184
680387380 823760030
837753353 925116570
910 700945130
183 522362640
468865147 608626960
191636 136593028
718 50615538
715559 785764574
130706 765785902
699 26096192
697225064 933816077
16 666055275
792631536 951970096
235 213123534
798436 725645260
590 800447998
144286673 231354843
16380680 288527628
137 106527944
530 754471300
679034631 941191574
167976614 261197112
207139719 220972623
608083076 738583714
475 613973638
254 761673758
734570 842354676
788947030 811264388
271 756075133
274 430785248
681563 699449712
247200294 765619416
6630603 204453421
441 648500004
741 673620421
908429338 992917736
406915930 775345473
976 19844064
406169683 970328258
190352608 860629031
205 352532243
337588 906759515
529158363 943657508
980 400033450
321370 161436627
418 120399491
289770 465830865
189323 846370003
500260 102589263
452339664 761858471
132543775 220915208
113 790975937
657 70987573
322210460 595831923
895 324135146
603997 19389845
454713 979132956
801554 951855549
129 575171328
449890521 846585598
353772 795620664
155 459411064
316590 366846205
20099 722672453
61342 795404399
347 214493307
515481 363574729
86 830458202
741 190941810
214841716 954421803
436113352 695098713
952549673 988865052
179 150338289
514 716683489
23659853 871596434
