801 15 19 23 32 47 40 18 18 49 8 37 33 2 13 7 23 27 7 40 41 16 27 2 39 14 36 4 5 32 12 7 16 5 8 1 35 44 12 3 23 21 10 49 5 37 45 32 11 6 21 26 31 11 45 5 21 39 21 8 43 18 26
825 25 11 17 46 8 22 34 26 42 24 43 7 9 12 33 18 31 9 4 47 16 11 39 11 26 6 4 42 46 47 40 33 25 27 34 6 43 3 48 42 37
116 31 41 3 39 41 49 35 2 50 38 24 37 33 39 42 19
620 50 30 40 45 31 2 32 5 13 23 49 47
893 30 4 40 11 41 34 28 15 22 42 35 28 35 4 18 6 29 33 36 36 43 43 50 45 1 34 10 37 28 41 21 49 13 4 7 41 50 42 31 36 15 48 9 41 43 48 22 27 46 17 7 45 21 26 46 7 43 26 33 47 42 19 28 8 40 12
108 5 15 30 50 33 8 6 6 43 49 3 15 4 17 14 31 47 44 15 11 15 40 22 24 29 39 13 5 7 33 6 23 26 38 22
849 45 21 41 17 24 14 13 17 14 11 23 18 33 42 28 44 15 43 19 28 45 8 33 20 12 26 13 26 8 44 38 26 40 15 19 36 27 23 24 15 40 24 13 27 7 22 11 21 4 45 44 33 35 29 21 7 14 6 21 20 39 42 2 35 14 26 12 17 28 36 5 19 13 34 32 50 21
34 18 33 40 31 2 44 31 19 42 46 45 7 36 10 34 48 24 36 48 25 48 34 47 28 48 28 7 15 31 26 10 38 37 15 48 15 18 40 32 33 14 45 31 10 16 25 33 45 10 22 6 39 12 38 28 28 32 2 34 8 33 34 4 38 24 33 27 40 48 24 17 23 46 49 39 50 47 30 9 31 39 9 37 44 35 19 45 9 3 18 8 49 38 48 28 21 10 46 9 28
152 3 48 7 21 28 43 31 3 32 47 28 39 34 30 11 24 24 40 7 18 40 35 19 38 17 18 9 6 38 25 42 42 48 18 13 32 7 43 27 26 38 40 35 2 49 45 37 41 37 17 13 9 7 36 3 32 14 47 2 36 50 26 3
727 11 33 34 30 35
974 32 8 27 8 38 39 26 31 17 45 16 28 2 1 14 48 23 47 45 39 43 49 10 50 42 50 50 43 36 5 31 34 24 38 28 3 37 14 16 47 39 11 7 33 12 43 31 18 49 37 48
271 38 22 39 12 25 14 37 28 35 8 30 20 22 30 41 32 27 48 9 23 15 23 5 47 11 9 11 23 24 38 22 32 19 14 50 5 2 30 1 36 10 10 33 29 39 49 34 20 6 23 41 32 22 1 14 31 4 12 2 20 15 8 21 38 24 28 15 47
390 3 1 19 30 47 47 30 36 8 47 50 32 39 36 50 49 26 19 23 27 34 25 28 45 26 23 37 31 12 35 15 46 39 44 22 17 24 3 3 14 37 20 45 3 25
264 1 23 21 36 11 39 15 44 19 33 29 16 7 16 24 3 30 27 47 17 10 11 10 26 47 9 39 10 10 3 29 3 41 13 3 35 46 5 29 9 5 46 34 49 7 22 39 49 18 10 31 44 6 19 44 50 3 44 31 32 3 34 27 38 7 16 38 19 46 10 32
853 50 45 31 41 25 2 38 47 25 3 4 14 29 17 49 15 41 28 3 40 1 15 45 45 19 21 8
841 24 20 35 24 35 14 44 40 43 49 47 10 14 49 7 16 44 7 24 17 33 13 20 23 31 48 16 18 1 36 22 41 27 35 37 42 35 26 39 13 9 45 17 42
810 1 16 24 23 44 28 16 32 11 5 7 6 15 29 33 41 37 36 8 20 47 12 40 15 46 29 44 14 47 20 47 47 33 44 7 31 13 38 20 36 7 13 48 30 4 32 20 17 25 47 40 26 36 39 28 25 10 20 5 47 28 3 11 9 34 8 45 46 39 30 2 46 21 45 30 8 1 28 39 29 9 45 48 45 43 40
765 33 24 7 46 14 49 28 48 41 40 22 25 31 34 9 36 4 5 8 32 33 39 1
591 35 25 30 33 13 24 14 6 16 11 13 37 49 19 26 47 31 3 45 18 11 15 30 18 23 9 32 14 47 24 8 33 32 44
871 39 44 15 40 34 12 16 19 45 41 47 27 2 26 45 8 49 37 38 6 28 5 9 9 43 30 18 7 28 8 49 35 14 24 48 31 37 32 35 22 14 37 7 37 21 40 8 21 23 36 6 4 42 1 28 20 38 8 43 38 29 27 22 3
570 7 38 48 17 9 4 18 23 12 6 18 46 2 34 1 34 5 43 18 9 2 42 11 33 21 8 7 2 6 2 6 7 28 45 9 42 25 13 41 39 35 45 1 6 25 48 30 40 17 6 20 47 24 50 49
546 2 36 11 8 42 25 49 40 45 44 18 2 16 39 33 28 47 13 31 25 41 40 28 21 33 6 12 3 14 47 31 1 6 41 18 17 25 6 4 8 18 15 46 30 4 38 14 24 21 4 43 50
813 39 23 4 34 9 43 8 35 34 39 16 9 43 7 44 31 3 30 22 41 25 12 16 6 29 30 31 5 2 30 11 37 22
896 8 8 49 27 24 45 24 23 27 16 37 10 6 17 19 31 47 22 7 35 26 15 38 33 3 2 38 47 40 13 27 22 7 6 24 37 26 39 21 35 18 40 12 48 21 2 28 36 16 27 45 39 43 25 34 15 32 32 15 24 6 47 3 8 31 27 45 1 19
443 11 22 40 23 1 26 32 8 40 33 3 48 26 5 26 47 33 35 49 44 50 26 1 2 16 2 49 20 20 2 17 36 45 2 20 34 36 16 16 7 25 25 29 32 20 33 46 23 10 14 39 48 8 44 14 27 19 5 45 5 48 43 42 40 29 47 41 17 16 20 5 34 43 1 6 24 38 19 11 6 8 50 30 29 34 25 35 15 31 11 39 26 20 35 20 33 27 44 4 20
582 10 11 43 16 2 38 43 16 9 5 27 29 31 7 28 36 36 26 4 32 32 43 32 48 16 3 46 21 17 47 47 2 22 24 48 5 40 11 14 35 16 5 8 2 3 29 31 33 15 48 12 40 13 21 19 32
713 27 35 5 24 13 19 49 43 28 41 35 22 11 45 19 17 31 12 21 2 30 37 39 43 10 21 10 44
220 46 33 48 23 36 45 11 27 8 20 26 15 18 3 4 44 21 50 17 42 35 31 26 44 9
480 17 25 11 21 18 14 41 16 48 43 19 25 34 16 39 29 29 50 22 27 5 48 26 10 30 10 46 19 38 7 44 38 26 34 9 34 15 28 7 46 50 11 12 22 29 11 43 19 49 4 27 32 26 49 9 14 36 27 31 37 38 48 49 34 49 11 31 19 27 9 47 33 44 27 4 15
217 7 43 21 35 2 7 25 34 16 13 30 45 13 22 24 9
498 36 47 39 46 16 44 44 5 13 48 50 7 4 36 38 46 7 39 23 26 5 11 27 47 6 28 11 13 28 28 25 20 7 12 41 41 18 27 24 49 48 40 20 16 24 28 36 25 24 39 13 38 42 14 28 12 10 27 31 11 5 39 12 18 50 27 9 32 32 40 11 25 37 9
920 10 24 33 7 14 38 35 28 6 40 8 48 32 48 2 23 38 34 50 17 25 49 49 22 7 47 2 20 14 44 27 43 8 9 37 17 14 6 42 46 10 37 40 15 27 4 34 19 24 41 35 47 18 45 21 24 34 5 29 46 1 32 42 9 39 3 47 17 47 35 31 4 38 15 35 41 32 9 12 48 30 4 15 37 49 33 19 32 28
734 28 37 12 36 49 32 45 26 30 7 4 30 8 28 38 35 23 23 13 24
409 13 24 22 2 49 21 6 37 9 22 21 13 36 3 43 27 16 19 10 37 31 49 13 39 34 1 24 38 28 6 3 35 29
880 41 29 30 27 2 23 22 29 6 15 39 9 39 47 13 38 36 16 41 3 40 8 47 16 31 42 2 40 39 22 11 7 17 41 17 36 23 17 19 32 30 44 28 25 47 31 16 12 17 13 32 19 32 44 11 27 18 35 25 44 30 8 44 46 25 3
395 9 28 8 2 21 26 9 37 21 17 35 45 49 24 36 4 38 24 43 19 4 46 48 29 29 42 39 49 11 30 12 48 48 44 24 15 29 48 1 24 20 48 30 1 21 9 3 37 31 8
621 27 42 31 9 13 20 21 50 40 50 28 12 23 5 27 4 16 36 28 37 25 20 3 27 25 43 31 15 3 1 3 44 10 19 20 7 37 26 27 11 32 3 32 19 13 34 36 22
789 12 39 39 49 48 30 31 24 20 31 16 32 23 18 47 44 30 34 40 34 18 22 3 42 16 24 31 3 29 39 32 48 24 14 39 6 21 38 30 38 24 43 30 20 32 27 43 6 39 20 3 13 19 2 27 34 18 29 18 35 45 48 5 41 7 22 36 8 41 26 29 3 38 48 4 18 21 46 18 5 13 28 11 23 38 29 33 22 20 24 33 15 12
921 29 6 5 41 48 20 6 24 14 47 31 48 13 34 46 28 19 38 35 12 12 39 49 30 20 27 36 6 8 30 9 38 40 42 37 19 38 17 16 45 30 9 17 16 44 29 35 17 17 42 8 48 1 7 11 50 33 34 44 50 42 13 36 49 8 25 14 10 49 27 44 39 37 7 16 10 2 21 24 38 47 50 35
574 32 21 50 50 34 3 42 11 8 42 24 45
397 6 44 1 45 4 12 18 37
7 17 32 41 38 23 50 17 10 18 16 44 41 43 32 3 31 22 7 17 44 31
24 32 15 28 13 49 31 19 34 24 8 40 12 7 24 25 33 30 26 36 2 44 21 43 43 40 19 30 46 2 35 33 40 16 1 18 18 8 8 31 12 1 10 14 11 7 41 34 13 2 16 27 17 21 17 28 5 44 26 49 48 1 48 17 30 25 49 6 44 1 33 26 5 32 7 2 12 17 31 8 45 25 34 43 27 29 25 47 42 36 12 13 44
681 20 5 17 20 44 45 13 39 19 41 37 34 40 28 19 15 27 19 36 32 33 29 18 14 43 42 18 46 27 31 2 28 17 16 8 22 15 38 6 30 28 14 50 39 19 3 9 50 44 6 5 23 39 7 5 25 40 15 30 18 30 23 26 1 21 33 17 6 8 16 28 46 29 17 25
944 47 27 37 12 44 23 46 31 11 23 47 4 38 38 47 25 20 8 10 39 36 9 30 41 48 3 4 45 33 4 5 49 43 26 21 40 2 19 6 11 28 26 9 37 29 12 36 4 45 27 18 19 50 45 12 10 28 38 5 37 26 25 11 40 17 44 26 50 35 32 3 15 43 25 36 19 43 31 41 16 3 13 43 24 39 40
643 42 34 5 30 40 42
340 44 40 8 26 33 48 11 22 37 27 23 13 13 15 16 36 9 22 42 1 49 3 47 45 20 23 3 17 31 45 39 3 30 33 3 45 43 13 25 19 38 35
538 48 2 7 44 32 11 14 14 44 42 5 3 20 50 17 32 22 4 26 38 16
848 8 13 3 20 15 39 24 3 7 6 11 10 20 18 47 15 13 16 23 16 41 39 26 48 3 43 41 37 33 32 18 27 28 4 30 5 30 6 46 49 27 14 11 40 3 21 5 29 49 39 8 46 39 30 4 2 38 29 35 22 50 23 22 41 28 5 42 30 8 8 4 40 43
408 43 22 50 5 35 45 29 33 20 18 16 18 50 24 25 20 30 35 3 20 5 17 37 11 14 19 45 46 29 45 31 9 44 42 23 44 33 6 46 29 41 5 12 42 21 9 47 11 30 44 22 48 2 29 9 19 47 21 33
914 32 19 18 6 40 4 44 13 9 26 24 32 30 31 45 42 2 15 33 13 43 12 4 26
710 2 33 47 2 35 21 38 38 16 39 11 50 48 26 8 35 43 29 37 4 39 26 9 43 37 17 12 17 19 44 35 8 36 41 25 16 4 47 18 29 31 6 13 34 50 32 6 35 25 9 6
97 27 1 12 29 46 14 33 33 7 40 50 31 35 28 36 26 38 37 28 17
420 19 47 46 36 1 15 49 41 10 42 44 17 38 39 39 47 4 50 30 36 26 40 33 50 2 32 44 19 8 16 28 36 43 20 47 43 50 16 36 10 7 33 37 30 20 41 3 4 38 20 35 5 36 30 26 47 38 19 45 9 18 35
482 31 30 24 28 21 16 31 5 17 14 3 29 8 6 10 4 20 7 15 25 16 40 29 47 13 42 13 42 16 42 36 8 43 27 14 44 22 34 18 48 37 16 43 41 27 12 21 6 14 14 42 48 39 38 45 50 39 27 5 42 42 50 8 17 20 31 16 25 45
275 2 49 20 26 5 28 29 28 13 25 35 17 48 28 7 30 44 4 13 38 46 37 13 5 40 24 47 11 49 19 14 39 49 9 41 48 9 14 23 11 41 19 49 46 24
432 29 11 12 17 35 21 42 33 11 3 23 45 40 1 33 8 12 40 14 1 19 41 33 7 14 4 37 44 41 1 45 44 40 8 22 29 46 50 46 42 14 35 10 4 17 42 29 39 20 3 14 39 19 3 29 19 43 16 13 10 50 36
101 40 46 25 5 7 13 35 20 50 28 46 49 27 25 45 30 21 12 18 38 10 36 49 37 25 26 21 49 40 25 41 7 16 16 31 26 48 41 22 14 3 27 36
974 41 31 33 44 17 7 17 5 20 41 34 27 11 39 3 16 43 50 1 43 18
737 39 1 4 41 50 32 8 5 22 19 30 26 44 26 33 1 34 22 3 9 19 12 5 24 45 14 3 37 31 39 31 16 6 18 38 39
886 37 1 5 46 42 38 22 1 12 12 27 10 30 4 28 50 6 10 33 15 40 15 20 36 17 28 43 47 35 46 40 36 43 22 5 38 37 29 36 48
6 35 28 45 49 38 50 16 3 36 38 12 44 45 30 10 42 14 45 21 26 1 30 49 39 41 22 47 20 35 31 31 1 37 9 26 1 12 13 7 10 44 37 39 23 8 17 26 24 32 6 44 39 41 25
453 41 4 45 25 40 43 24 23 44 9 40 38 32 10 31 6 27 43 37 30 45 49 50 49 33 40 18 18 27 41 26 11 27 39 36 12 38 48 40 23 19 32 4 6 19 20 46 24 19 15 15 13 36 6
148 45 32 27 17 38 35
751 2 32 10 43 48 25 10 1 47 27 34 37 1 49 36 10 43 7 1 42 34 25 2 9 44 40 48 27 46 8 10 16 43 11 5 39 6 28 14 47 9 8 38 7 6 11 29 33 17 14 44 21 40 17 32 21 50 16 11 42 16 48 42 45 18 45 15 5 33 24 8 20 4 14 29 9 33 36 30 44 44 4 12 24 17 46 50 21 8
380 49 17 31 1 18 12 2 30 6 24 28 11 29 29 43 48 46 37 5 4 44 3 20 30 4 29 7 26 12 11 25 34 14 10 40 2 1 33 11 46 36 10 13 50 15 19 46 7 15 14 2 20 31 1 9 30 43 40 2 41 19 11 44 12 38 11 10 2 19 22 17 42 36 13 27
526 5 23 27 25 14 16 44 9 31 49 39
771 46 37 33 3 19 20 32 38 44 33 12 39 46 36 37 8 6 48 14 44 8 2 12 33 33 21 39 41 27 40 50 32 50 12 31 50 17 41 50 32 7 9 12 3 42 9 28 38 48 40 49 12 10
161 38 16 17 29 4 6 43 50 9 36 42 10 12 32 35 3 19 19 27 39 30 33 31 28 8 33 12 19 44 29 28 5 24 19 6 27 34 50
464 27 22 34 18 29 12 39
464 26 8 29 6 14 2 42 42 16 13 20 1 22 28 29 32 50 47 11 24 16 1 49 28 20 30 45 22 42 48 47 18 36 38 18 43 28 20 5 26 41 26 33 38 37 36 3 30 6 42 23 2 45 48 14
361 38 40 18 42 13 2 43 43 2 3 48 13 23 50 43 16 37 19 19 45 11 22 4 30 7 5 31 11 11 31 22 5 24 35 29 33 21 7 29 40 10 3 3 31 38 50 29 2 13 8 25 34 8 32 41 31 19 24 28 13 50 45 8 17 13 43 7
29 47 36 48 28 49 14 40 38 32 33 3 13 34 48 1 6 43 3 29 3 39 21 2 32 36 26 21
892 21 25 31 20 18 22 33 35 28 40 37 2 29 41 36 47 39 23 46 29 26 13 46 2 6 35 30 46 32 44 38 27 22 35 1 29 47 7 31 21 27 50 39 7 19 7 50 13 44 13 18 22 50 8 4 40 22 10 20
685 30 11 36 12 13 16 50 14 7 18 26 27 48 24 18 33 41 21
361 17 18 42 39 50 37 11 49 24 7 23 49 12 35 37 10 30 21 20 8 19 1 49 3 4 29 18 22 33 30 38 45 30 2 4 11 46 48 47 37 4 14 41 6 12 25 28 39 27 40 39 22 11 15 34 25 28 19 5 50 7 44 45 41 28 33 35 41 22 21 24 16 22 10 44 3 4 50 32 19 4 21 22 16 20
782 23 34 29 48 12 30 36 46 4 45 27 48 22 35 38 22 44 8 22 50 8 44 28 22 36 34 21 26 26 34 37 32 50 50 18 34 44 3 48 12 1 12 24 13 33 42 39 23 32 26 22 24 38 7 24 24 15
317 49 4 35 20 11 40 16 4 46 1 50 14 49 29 5 3 38 49 19 12 33 45 24 1 28 13 10 49 41 4 37 27 18 7 36 27 26 45 20 45 20
421 37 21 24 11 19 29 5 24 49 7 8 1 10 14 39 15 12 17 43 26 15 28 2 47 45 41 20 10 45 49 13 11 39 24 43 1 39 8 25 36
798 7 3 34 27 15 9 27 34 35 15 1 10 6 13 28 23 10 39 37 18 15 28 32 5 5 6 9 24 30 25 21 17 39 13 34 26 11 15 41 13 46 16 6 38 4 6 35 28 45 9 23
507 17 36 3 13 40 5 40 21
277 1 21 1 5 10 8 36 9 26 31 28 9 3 40 25 32 37 44 36 12 45 33 38 30 48 38 39 14 38 32 14 48 19 47 35 14 24 13 13 11 15 25 7 6 30 7 14 7 14 39 34
409 4 18 44 7 26 44 50 16 22 45 5 34 30 36 11 18 9 13 32 49 48 21 6 45 19 6 2 35 33 28 32 8 38 5 13 5 47 39 24 1 50 48 44 16 38 16 8 43 20
730 46 38 45 20 23 10 25 28 50 4 47 47
817 21 40 10 34 40 22 37 47 38 17 16 28 14 1 11 20 23 29 41 14 35 15 10 39 47 21 5 1 22 25 19 43 10 2 30 32 19 13 42 17 34 50 35 42 27 15 8 14 11 26 15 16 22 12 1 9 3 24 29 25 17
676 37 4 25 46 25 21 18 41 39 26 48 4 32 48 47 12 1 5 14 11 48 49 9 35 13 6 10 2 10 22 29 5 43 29 29 29 45 31 12 40 27 49 7 13 26 17 16 22 18 25 41 30 26 37 42 49 38 47 38 34 47 27 27 46 19 36 28 25 49 25 43 12 18 31 5 8 25 7 6 42 15 42 26
240 12 11 26 35 39 11 39 18 22 28 4 16 1 32 36 36 41 23 21 39 8 4 24 29 5 39 10 21 38 3 40 14 1 43 48 38 30 18 19 6 32 10 3 35 20 24 19 18 15 29 2 13
16 28 40 17 42 30 42 48 50 42 45 26 19 50 4 11 45 41 33 14 50 2 24 21 4 16 13 22 10 34 9 19 37 39 7 2 31 30 4 20 12 3 29 47 18 39 50 23 1 30 44 14 30 9 11 46 30 32
324 18 9 8 18 19 30 32 6 15 13 32 7 17 23 8 12 32 39 23 47 32 40 23 11 16 49 25 2 14 47 35 8 28 22 32 19 42 35 32 14 24 15 30 7 14 41 37 33 35 47 3 2 27 20 13 7 2 19 44 3 29 23 25 39 30 45 7 40 3 46 38 7 44 16 22 30 22 46 49 14 40 25 36 27 19 38 17
100 46 37 6 32 9 9 48
349 6 36 11 49 27 13 48 31 31 10 16 40 28 34 34 19 22 7 23 21 22 49 43 19 7 18 1 9 33 44 1 32 7 1 37 16 45
994 37 6 36 5 3 35 4 27 30 37 9 28 4 4 48 23 33 29 8 21 49 9
257 9 10 20 34 19
16 18 20 40 18 5 39 6 43 19 28 33 49 20 49 23 10 47 22 16 6 34 9 42 32 23 27 43 10 50 30 3 13 10 8 8 47 4 5 4 18 46 25 14 38 37 1 3 38 41 31 48
293 9 9 44 30 33 30 43 50 1 44 12 20 47 9 9 40 34 16 15 32 30 38 32 26 6 35 33 35 49 4 17 40 6 24 29 39 28 13
421 33 2 35 16 9 19 27 19 37 20 11 3 14 9 40 6 8 3 50 5 11 10 18 24 6 17 34 29 31 36 16 33 36 27 45 20 6 6 37 40 25 47
42 3 23 17 9 38 1 49 17 32 43 14 10 4 5 34 46 45 38 6 38 1 18 19 24 41 47 31 30 7 4 50 49 25 47 45 26 44
2 3 22 44 30 31 26 12 3 15 14 36 11 26 50 16 27 7 44 30 38 46 27 17 16 4 23 38 21 2 36 9 37 32
315 18 4 39 8 43 45 42 40 10 7 11 13 23 20 19 12 46 5 24 12 38 32 22 21 29 43 16 18 37 36 10
663 16 37 24 7 30 4 17 11 43 35 35 14 25 37 43 27 20 30 41 34 37 44 26 30 8 37 4 19 15 39 42 48 45 27 11 39 7 43 38 40 24 15 50 50 23 27 45 13 36 32 40 12 29 40 25 39 1 32 50 4 25 31 39 22 39 46 25 1 38 39 16 11 6 1 5 1 43
