1560 3940 436 1325 1325 529
1180 9290 858 5164 377 1362
5150 7570 3716 4954 3335 3352
1700 7860 1491 6674 835 1851
10000 9250 3118 1441 8358 4226
200 1260 14 499 32 639
6200 8610 6183 4837 4218 834
410 5520 361 4391 344 5490
2900 5040 847 828 2354 3723
5880 1370 3613 892 5832 52
1180 6680 455 1418 908 1954
90 8250 59 5766 4 7435
1960 1510 804 143 648 933
960 1870 799 1092 186 759
180 3290 54 321 169 1773
8440 6890 3894 3292 7446 4551
4770 3830 2062 86 837 2882
7840 8840 9 4088 5667 4492
9130 5780 754 17 6487 5592
1870 2330 113 95 427 607
30 8720 10 1950 4 5286
8820 3650 5255 3566 938 2868
3820 440 1585 181 1148 336
2490 7920 419 177 1344 6623
5520 9200 578 1324 4267 2836
9760 3000 7440 2804 4607 1617
8440 3390 7818 2251 1639 356
9550 3100 2387 1036 1562 5
210 1470 15 163 140 1081
940 7440 498 5352 260 5952
4560 5780 1925 1560 681 1868
1790 450 1173 413 1228 369
3250 8520 2155 4603 2525 1212
9160 3550 6216 3232 4010 3517
3010 6470 1260 3119 1603 1987
2230 6590 1094 2425 637 4555
2490 2310 1626 1939 1073 2150
8200 5760 6992 5744 4480 5304
9670 1130 8005 1126 5524 844
1120 5240 1014 2720 1102 3760
8770 8420 2584 1315 1138 182
7460 7800 3731 4195 7070 3203
6600 7000 2783 1761 5514 4489
6250 4170 4456 3956 4091 2620
7290 8270 6531 4195 2833 5292
1540 1940 1204 1346 1444 132
8440 7160 564 1390 962 3234
4150 9830 2634 5579 1645 8991
440 460 27 209 187 235
8410 4640 8118 2880 6857 2596
4480 2050 2478 1601 1535 1296
6140 860 6038 564 2340 245
710 2310 574 1514 387 801
1870 5340 402 1395 1497 4320
6250 250 3493 203 2844 168
9820 3810 482 1471 5153 1716
200 1100 156 885 14 928
920 8980 878 7889 116 1371
1630 410 1486 409 1550 159
4460 8690 1607 4101 2428 5458
8060 4460 2759 1270 332 198
1480 2540 1449 1659 6 2143
4900 8700 2958 6503 4809 7548
9640 4650 3248 1766 7809 1019
1240 6780 1217 6501 771 1143
3190 1450 1439 683 2691 650
7610 3620 5175 2622 3708 689
4400 4750 1396 493 3624 1434
8150 5660 6887 4879 6465 2190
9350 160 4188 55 3354 23
5330 4290 1146 287 1115 1009
2870 2690 746 469 1016 2438
4860 6970 3326 4912 1198 2476
5670 6260 102 432 4961 399
6930 5810 610 2424 4866 3068
3060 6520 757 2287 1106 4491
9920 6570 3978 1806 840 4220
2650 4280 2306 2574 1574 2023
3370 9190 2090 6078 1471 5612
5370 3190 3487 2477 1926 1874
3780 1820 2438 982 3516 672
9190 7030 9105 4657 397 1143
7960 7400 1570 1910 4977 3867
2240 7170 2227 6777 808 4217
3210 5430 2494 4789 1144 1983
4620 1770 2823 1642 2270 490
9890 1100 7901 713 9733 583
1600 9080 1140 6871 578 8034
9180 8300 713 821 1109 7868
4910 490 96 156 2070 152
1290 4800 797 2947 1037 4255
1850 3540 263 935 1377 1229
9940 8670 6286 8258 8197 6613
760 9990 736 5256 91 1176
3560 2870 1714 728 1806 2822
4000 7620 990 103 3180 603
8330 1760 931 551 1702 783
7850 7400 5916 4946 6044 579
670 4640 515 4131 80 2541
1720 5500 1463 4960 1578 1844
