167,158 55,15 94,15 94,16 55,16
110,280 80,78 100,78 100,126 80,126
30,175 34,75 49,75 49,86 34,86
19,57 12,57 26,57 26,62 12,62
233,250 58,52 98,52 98,78 58,78
263,121 67,13 108,13 108,37 67,37
34,184 51,73 97,73 97,104 51,104
245,272 46,78 55,78 55,119 46,119
266,137 70,55 90,55 90,86 70,86
19,32 3,32 45,32 45,54 3,54
108,234 46,34 74,34 74,64 46,64
159,58 69,43 73,43 73,75 69,75
120,243 14,44 46,44 46,72 14,72
118,126 43,49 73,49 73,70 43,70
229,36 19,44 26,44 26,65 19,65
112,63 82,26 118,26 118,56 82,56
81,99 51,99 98,99 98,141 51,141
37,67 26,67 75,67 75,101 26,101
37,163 16,100 49,100 49,140 16,140
146,259 36,13 60,13 60,53 36,53
107,258 54,11 71,11 71,54 54,54
156,198 75,60 84,60 84,90 75,90
24,13 7,13 31,13 31,30 7,30
258,193 20,83 55,83 55,128 20,128
2,19 28,1 34,1 34,38 28,38
230,79 95,6 102,6 102,9 95,9
163,297 27,52 67,52 67,78 27,78
15,70 41,56 76,56 76,72 41,72
199,171 7,69 28,69 28,107 7,107
241,41 7,1 40,1 40,42 7,42
99,26 91,26 113,26 113,39 91,39
200,143 5,3 43,3 43,16 5,16
267,218 81,28 122,28 122,39 81,39
73,74 1,10 1,10 1,37 1,37
273,291 22,36 43,36 43,51 22,51
243,235 96,15 134,15 134,58 96,58
174,172 97,97 143,97 143,119 97,119
90,261 99,57 111,57 111,66 99,66
178,143 7,92 46,92 46,95 7,95
263,192 38,24 49,24 49,48 38,48
81,88 76,88 83,88 83,116 76,116
163,43 85,40 135,40 135,57 85,57
261,80 42,9 64,9 64,33 42,33
36,70 28,38 59,38 59,88 28,88
270,270 94,71 137,71 137,82 94,82
84,178 70,96 111,96 111,139 70,139
275,54 78,89 110,89 110,124 78,124
166,227 48,93 69,93 69,134 48,134
253,169 27,90 51,90 51,133 27,133
233,117 83,51 112,51 112,66 83,66
62,84 24,84 72,84 72,109 24,109
6,57 1,57 16,57 16,95 1,95
58,131 92,81 116,81 116,94 92,94
268,117 32,100 35,100 35,137 32,137
213,252 48,76 83,76 83,100 48,100
135,62 12,45 38,45 38,58 12,58
18,166 16,27 53,27 53,28 16,28
294,197 85,68 96,68 96,111 85,111
23,274 34,84 34,84 34,133 34,133
5,157 0,94 44,94 44,141 0,141
41,65 33,65 48,65 48,98 33,98
297,61 15,76 29,76 29,92 15,92
16,129 66,72 92,72 92,117 66,117
120,250 29,8 33,8 33,46 29,46
220,158 79,30 80,30 80,37 79,37
107,15 21,44 48,44 48,57 21,57
235,172 45,40 56,40 56,71 45,71
54,264 54,11 93,11 93,32 54,32
180,218 31,52 56,52 56,93 31,93
79,77 52,77 99,77 99,116 52,116
222,148 7,27 26,27 26,43 7,43
298,221 9,59 41,59 41,104 9,104
217,272 0,69 12,69 12,104 0,104
186,33 24,88 48,88 48,91 24,91
154,38 91,78 134,78 134,118 91,118
102,80 86,80 102,80 102,112 86,112
95,14 85,14 114,14 114,21 85,21
154,59 93,51 124,51 124,94 93,94
19,91 19,91 20,91 20,136 19,136
54,77 85,14 86,14 86,30 85,30
97,192 9,86 36,86 36,89 9,89
43,104 66,52 88,52 88,56 66,56
237,4 24,52 41,52 41,81 24,81
247,115 43,84 84,84 84,113 43,113
280,201 48,78 88,78 88,85 48,85
182,259 23,92 49,92 49,106 23,106
255,238 57,64 101,64 101,73 57,73
286,126 96,69 117,69 117,97 96,97
34,119 10,62 22,62 22,99 10,99
100,0 90,0 104,0 104,2 90,2
49,82 41,82 54,82 54,131 41,131
39,255 46,38 87,38 87,75 46,75
26,196 7,75 16,75 16,97 7,97
13,100 86,78 102,78 102,112 86,112
56,22 56,22 57,22 57,41 56,41
191,166 3,13 47,13 47,41 3,41
111,4 95,4 114,4 114,4 95,4
175,181 93,100 119,100 119,101 93,101
36,287 23,5 41,5 41,28 23,28
18,184 26,29 51,29 51,44 26,44
