311 886 637 485 744 994 891 820 678 136 898 231 379 134 893 87 747 354 808 899 432 245 802 758 593 453 821 246 463 196 668 474 426 822 719 131 336 687 378 433 696 940 266 109 625 950 762 854 797 555 973 209 729 484 943 118 29 140 856 863 71 168 785 846 260 124 312 619 125 974 222 151 645 210
262 627 112 527 50 360 800 4 844 731 396 956 133 600 243 220 417 421 463 863 519 740 991 563 587 758 223 185 683 116 352 811 549 357 853 356 523 128 476 944 301 990 430 981 850 604 276 444 320 547 893 634 471 353 328 841 49 681 272 872 817 325 70 365 246 950 316 847 751 849 648 935 245 51 149 345 917 434 192 385 349
232 329 972 811 699 475 796 607 694 776 854 267 429 542 845 618 967 984 478 839 794 346 123 83 9 823 54 224 517 906 300 963 6 663 817 747 299 332 168 422 612 204 911 878 164 247 302 479 632 321 753 335 692 1 928 646 765 560 925 681 191 445 678 513 353 693 872 125 919 727 813
539 758 418 901 321 575 35 989 210 168 49 487 457 88
940 762 194 670 467 57 986 550 368 651 508 434 717 1000 425 807 421 754 494 561 878 650 749 695 562 635 733 351 90 809 319 502 449 888 714 845 893 812 4 543 624 716 503 367 583 680
300 270 628 360 809 678 613 138 458 470 69 207 217 298 93 758 801 98 127 890 418 228 897 956 787 583 881 184 967 795 574 148 45 203 505 849 146 927 687 829 164 422 889 526 940 351 774 386 714 985 23 378 716 319 675 925 607 108 434 483 317 721 691 503 958 843 291 83 7 591 175 751 3 34 502 524 396
470 720 893 253 353 797 899 191 450 426 148 880 306 348 256 487 968 22 58 281 796 711 589 798 463 247 373 747 994 202 154 162 683 967 3 687 785 415 498 731 889 410 807 38 735 459 734 65 852 47 810 616 37 210 490 803 238 767 104 628 241 257 772 357 910 543 245 340 650 60 430 936 204 791 264 668 646 719 792 11 475 334 896 793 524 940 839 988 920 81
80 268 463 308 465 653 736 357 404 98 78 186 491 981 391 65 884 875 62 494 6 872 760 480 748 426 953 918 895 114 839 322 716 31 453 529 16 334 888 841 507 466 429 445 240 891 54 610 984 341 486 74 375 555 814 781 758 870 355 135 995 38 890 185 938 349 562
22 659 368 744 783 646 694 168 296 156 981 511 188 571 767 24 315 403 250 882 793 171 439 838 416 717 378 934 693 499 136 576 649 56 959 905 651 479 17 601 849 485 901 380 935 655 231 630 872
707 865 556 86 646 46 201 997 150 955 766 820 82 264 338 148 295 793 654 532 447 822 258 914 553 594 193 145 592 342 156 894 815 13 324 161 923 346 432 981 97 491 953 694 467 883 112 469 27 328 434 63 630 35 696 36 360 976 968 738 113 237 719 394 993 174 538 462 494 932 501 315 874 176 645 287 562 936 402 692 934 277 585 560 681 3 903 517 773 980 100 192
851 685 202 562 861 59 688 624 283 935 854 452 469 780 294 617 504
788 698 70 178 449 22 388 816 807 683 197 502 62 250 275 833 113 9 861 533 263 786 895 697 335 129 876 125 645 973 958
167 523 578 314 971
3 206 507 313 849 469 663 110 967 867 56 531 624 675 327 292 933 443 38 939 560 174 716 702 284 493 456 584 896 629 992 290 161 258 509 563 661 656 193 111 754
506 185 299 157 659 717 274 335 861 404 367 413 995 976 540 288 655 14 251 417 82 736 108 535 370 507 581 899 88 931 974 503 521 586 415 360 212 721 872 426 634 986 452 124 564 132 111 804 671 38 163 24 990 737 464 479 553 970 365 759 638 614 951 643 765 350 580 285 651 642 698 228 311 541 577 304 695 331 677 17 821 440 705 348 478 616 919 966 597 75 952 76 903 438 93 10 678 432
928 427 274 440 245 640 754 841 136 106 742 924 161 369 692 442 264 279 239 67 803 340 393 919 592 9 41 907 727 641 204 364 254 880 970 900 163 902 182 166 358 755 847 37 92 451 242 898 189 580 408 810 621 895 145 406 236 496 752 910 959 63 437 513 399 537 447 586 317 623 2 610 173 468 613 812 484 538 526 534 162 293 226 149 249 93 543 81 822 531 638 353 945 381 77 486
704 575 491 142 133 781 870 5 350 719 69 176 14 163 150 502 75 336 255 401 283 697 299 183 730 330 384 878 913 598 259 885 114 533 332 40 294 845 87 408 519 319 621 660 810 291 269 167 788 343 455 70 759 968 453 858 33 516 193 250 367 605 586 549 465 110 706 74 151 438 664 482 852 475 168 161 325 143
940 18 791 839 886 493 627 598 512 371 774 838 695 854 450 436
686 965 760 105 433 166 524 276 127 910 13 563 182 161 739 805 758 677 170 604 854 605 945 124 396 355 774 10 583 368 83 877 347 919 336 970 313 271 256 535 158 47 165 449 349 663 415 516 757 735 538 600 175 710 412 495 961 299 381 423 487 599 52 662 650 309 305 344 528 100 700 57 982 829 502 886
241 705 869 424 842 69 764 15 913
802 482 599 184 816 243 128 449 517 983 328 883 929 22 302 503 594 589 434 312 99 385 691 115 700 998 397 954 846 921 114 357 141 712 308 997 602 537 527 959 51 470 522 850 922 958 979 456 881 987 809 643 874 147 88 683 473 718 212 641 848 843 415 10 592 83 677 168 9 560
678 3 463 910 563 310 527 780 611 543 659 638 967 885 680 206 914 536 13 721 496 834 295 488 297 968 368 924 525 873 285 359 385 946 570 457 119 957 365 4 169 157 731 911 497 48 631 116 779
941 982 170 954 370 267 878 148 774
232 693 634 74 725 567 910 456 30 517 31 936 385 348 802 417 66 156 347 951 534 18 230 70 186 292 670 676 67 714 130 7 600 824 957 587 929 334 985 859 885 893 656 63 559 806 652 752 110 25 944 741 654 106 92 240 502 723 301 719 805 903 1000 596 471 897 102 943 23 84 136 360 285 452 695 15 503
760 15 150 932 621 859 978 471 527 870 762 261 754 995 863 702 693 342 35 877 248 435 84 247 761 516 456 402 43 27 153 677 958 576 199 449 188 529 370 689 799 671 195 190 507 632 771 524 302 418 176 831 265 167 805 326 806 572 415 72 210 838 836 193 201 931 398 53 441 683 464
338 954 90 873 262 990 316 511 726 187 659 667 96 492 15 407 942 67 203 284 878 42 63 7 610 383 600 687 420 876 978 321 596 490 372 453 769 840 230 339 959 931 910 291 387 484 690 550 613 622 385 924 244 12 347 638 584 89 141 820 847 869 287 247 694 688 512 536 460 766 424 19 853 113 341 554 700 497 786 258 440 44 875 527 408 605 791 148 31 751
651 176 661 653 536 734 714 591 61 847 260 490 883 533 111 142 212 719 137 460 574 862 702 755 496 953 472 578 787 164 842 337 385 182 963 999 535 802 962 675 205 601 523 899 88 90 104 850 648 732 342 313 375 453 902 65 12 391 561 126 150 292 609 300 918 106 199 314 587 316 952 303 86 447 310 475 196 626 809 128 204 235 193
301 42 284 392 957 707 243 761 353 620 575 175 237 893 218 130 104 595 342 739 799 866 310 875 466 976 320 770 420 699 435 299 646 119 187 363 51
650 182 842 349 34 36 607 286 710 637 285 690 581 41 202 312 787 134 32 745 77 642 356 167 717 486 754 453 3 86 61 504 480 852 499 45 999 82 829 944 462 742 600 854 89 438 697 303 377 390 610 371 554 388 494 127 460 410 638 431 847 88 423 1 857 288 975 124 93 500 836 708 719 384 694 621 959
544 327 142
67 146 365 382 840 660 477 223 745 760 237 502 791 50 503 837 691 44 785 451 264 6 985 724 990 366 714 964 666 256 766 952 220 129 381 57 924 988 782 239 386 930 577 927 934 725 343 703 440 105 797 393
812 956 420 981 220 825 556 662 151 886 182 898 189 449 916 620 489 256 52 826 402 934 438 216 310 674 610 937 751 623 118 990 831 338 927 108 222 604 431 942 858 333 564 976 964 25 580 245 126 423 31 782 728 622 61 148 304 702 967 184 379 243 804
152 974 505 647 768 120 977 624 185 84 900 512 298 885 514 804 626 436 460 751 695 81 64 155 43 453 346 89 220 568 621 190 162 355 203 498 803 755 179 67 925 807 11 641 765 2 954 846 586 236 766 714 574 547 451 104 523 154 822 265 502 56 479 402 19 527 377 441 991 9 389 733 913 392 662 94 904 358 475 542 930 703 839 812 199 979 322 205 530 623 157 522 427 823 125 604 948 931
90 854 354 804 666 837 131 737 372 602 395 44 941 261 598 846 807 983 773 758 146 499 500 711 14 466 325 898 592 22 728 657 869 194 193 784 850 770 97 376 629 875 902 821 302 771 790 400 405 989 149 722 661 434 937 52 977 122 134 334 55 296 933 795 664 462
24 564 65 523 614 960 393 440 775 924 735 833 183 194 555 188 373 613 172 733 169 52 444 348 360 612 141
516 614 261 812 326 846
678 959 18 742 957 442 149 893 340 613 274 118 625 630 824 949 195 759 685 303 2 344 6 31 136 856 287 314 599 745 997 808 109 414 855 828 617 635 360 793 220 182 716 27 430 632 236 190 298 96 346 728 488 34 501 823 239 313
202 758 953 479 958 971 301 948 619 322 166 331 607 768 372 807 282 693 762 5 378 44 159 463 884
898 29 919 391 70 210 748 726 400 915 900 615 673 441 947 407 929 815 644 521 932 588 326 277 382 440 196 845 255 868 991 350 613 191 190 946 719 298 629 133 377 881 936 207 741 530 6 217 42 170 194 317 766 58 329 221 779 842 809 137 109 467 166 203 325 867 727 972 709 823 239 398 336 605 780 790
283 399 94 293 373 36 571 124 890 133 33 567 765 72 509 32 446 858 88 522 598 563 8 602 885 504 668 366 973 623 530 79 170 542 760 370 108 822 857 288 881 411 164 544 62 113 647 969 740 956 355 43 486 721 512 225 53 759 438 256 555 5 358 724 569
300 337 744 286 731 391 399 570 670 153 725 280 17 3 405 532 456 638 91 519 172 618 833 839 314 594 868 472 809 884 485 257 143 47 367 727 950 994
366 326 779 445 323 143 557 810 560 962 47 975 478 599 255 2 949 449 440 695 386 252 857 103 764 796 17 264 934 486 788 219 426 414 527 49 213 46 712 239 29 897 983 55 967
957 906 705 762 113 316 432 599 243 124 199 215 742 438 642 722 779 726 177 928 709 958 527 905 756 335 609 666 186 390 861 534 767 381 270 653 652 475 996 495 420 227
75 857 881 654 48 194 524 616 232 140 391 736 931 409 749 534 85 889 609 742 715 278 324 685 989
885 728 104 71 172 802 992 132 344 545 175 336 482 255 446 613 42 365 447 628 954 949 769 23 235 127 859 550 714 999 167 513 766 673 56 864 294
871 529 374 366 758 119 540 55 687 429 918 457 851 703 493 106 205 623 720 748 573 545 607 681 548 193 786 549 469 233 353 592 155 603 972 202
707 95 185 127 404 374
178 618 377 841 364 495 56 865 515 456 54 934 601 160 626 955 298 230 848 477 414 511 443 110 992 199 339 340 127 648 607 288 827 353 464 788 21 645 768 596 33 826 824 598 639 493
763 586 447 404 278
357 84 125 690 75 156 791 938 903 581 16 718 897 473 997 936 871 973 194 27 570 529 634 774 17 700 190 245 36 437 586 606 670 805 345 857 233 861 477 239 110 788 912 264 739 521 283 854 589 683 865 983 309 815 228 234 883 637 76 14 998 982 647
427 231 658 196 432 995 806 470 464 805 471 853 40 844 503 743 707 440 144 131 520 442 304 700 73 826 245 917 4 230 669 803 226
6 270 492 640 74 722 150
735 893 535 708 232 860 496 91 656 353 151 660 662 277 115 358 843 884 617 442
44 160 394 514 241 317 506 685 195 440 856 646 159 158 425 74 589 303 733 990 691 753 745 389 98 983 634 560 254 997 294 994 842 819 414 113 778 584 463 435 855 148 544 141 459 686 594 679 943 637 878 805 557 348 117 292 770 813 841 329 82 320 934 588 481 189 713 624 605
108 370 549 616 936 191 820 119 924 657 531 977 560 25 669 42 458 598 349 629 524 591 411 962 132 724 675
593 697 234 592 369 517 327 81 12 894 645 347 556 496 571 436 173 973 127 47 652 720 216 393 909 995 962 702 864 816 920 958 809 43
912 893 333 857 491 840 597 523 718 603 190 57 393 888 270 961 487 819 863 405 954 266 991 914 898 313 240 435 430 861 24 194 788 48 777 797 73 14 768 324 683 204 574 239 338 35 371 147 615 899 571 397 512 271 760 47 537 233 687 481 712 92 738 800 320 984 349
960 928 226 52 523 366 737 684 991 988 121 577 423 106 629 37 222 939 884 146 658 373 153 693 495 309 421 265 133 909 630 645 305 212 777 237 279 148 400 970 936 490 23 36 266 488 605 767 748 399 221 454 394 384 742 707 236 413 310 665 638 967 299 289 403 77 392 655 591 807 446 609 335 953 3 586 733 56 408 761 365 380 49 831 760 532 211 845 780 105 301 144 142 464
255 247 658 777 235 910 985 23 623 435 723 353 159 344 704 98 268 620 768 400 504 877 815 752 844 332 359 389 615 651 585 286 719 172 207
103 499 32 185 703 120 139 211 231 799 123 976 414 852 48 40 624 100 687 948 172 449 187 191 252 582 39 197 749 706 617 960 592 945 94 236 253 795 18 542 44 627 446 81 41 503 144 212 5 949 538 530 179 522 858 506 229
429 960 649 304 381 547 841 976 288 551 276 935 44 383 459 900 559 515 181 141 831 132 297 996 274 298 762 77 280 287 847 581 353 56 919 101 331 929 594 483 80 640 575 493 794 292 363 153 705 890 502 379 882 278
749 75 644 765 759 187 210 940 56 915 707 333 733 515 581 682 792 83 112 858 861 146 105 827 217 338 126 906 389 226 881 927 773 551 34 642 526 35 490 316 594 179 830 967 502 304 25 619 251 588 247 294 185 1000 691 462 602 184 378 340 623 645 930 979 16 101 379 153 579 464 76 817 116 912 900 969 568 123 543 698 17 960 460 447 36 182 658 237 73 739
649 583 312 681 44 233 767 814 360 981 511 545 831 24 499 800 991 82 326 739 714 725 606 559 53 433 612 655 240 354 656 712 892 232 205 479 875 177 645 451 341 288 505 546 335 26 665 453 697 368 657 811
369 445 351 934 93 5 611 496 993 379 753 607 153 187 460 479 814 602 816 879 543 179 796 614 640 662 705 418 757 977 727 972 970 534 203 829 936 916 519 942 274 495 657 719 890 988 66 416 907 873 352 819 77 862 623 563 65 109 356 826 546 290 634 615 222 204 202 9 69 531 433 746 587 154 395 68 53 61 992 883 476 400 103 536 474 155 431 45 376 788 605 215 741 358 828 568 777 453 278 504
612 875 185 455 644 371 85 869 657 20 677 469 27 171 983 220 216 428 813 221 910 746 338 840 751 163 682 420 647 427 124 719 868 528 91 195 683 727 150 117 876 13 337 301 135 358 605 968 280 596 584 504 82 607 229 838 71 408 83 81 974 355 826 471 155 606 250 809 561 39 475 233 424 589 16 848 503 393 483 877 396 60 244 362 87 990 586 206 984 824 730
261 812 658 253 289 460 101 960 362 533 478 851 958 580 668 265 173 892 934 420 856 62 744 130 572 757 884 784 716 798 818 965 545 472 210 874 239 745 93 121 205 427 847 819 635 681
621 395 909 541 68 417 36 587 233 936 880 472 921 855 730 493 517 841 519 897 700 92 955 208 538 875 937 393 588 571 461 169 856 507 438 211 754 810 580 683 382 603 174 73 985 751 934
103 845 906 216 869 490 115 828 964 308 819 695 359 51 703 554 807 447 808 692 95 974 477 734 150 907 82 950 397 860 916 385 699 67 474 996 502 684 41 522 497 652 134 687 764 727 54 20 963 821 636 723 706 760 249 888 130 580 183 754 751 151 201 832 677 332 261 355 237 782 260 251 917 483 284 581 726 746 979 904 438 938 406
69 899 553 127 214 617 781 738 116 611 910 354 461 750 158 627 777
687 187 211 788 638 741 564 343 219 396 819 411 205 743 351 748 996 693 571 663 118 673 903 293 681 740 384 935 535 492 517 281 688 797 507 472 103 938 168 520 737 401 274 613 647 686 82 192 978 254 55 334 987 944 235 793 697 631 369 820 698 614 26 542 365
236 3 801 116 379 820 987 510 965 45 354 88 890 18 625 12 815 145 618 324 191 348 298 515 86 714 254 481 750 907 134 731 70 210 316 649 189 165 643 37 568 699 330 426 897 217 554 906 39 382 971 781 932 517 231
368 553 442 673 19 926 429 566 955 241 206 607 464
735 624
744 748 536 616 646 836 989 948 935 159 933 698 420 167 710 140 537 381 202 389 440 99 472 809 157 187 737 526 460 102 752 854 621 345 814 650
640 986 353 405 145 251 98 243 401 382 759 566 414 130 183 7 665 495 676 715 17 573 344 794 72 937 517 142 466 627 303
659 864 480 486 31 81 634 730 915 225 776 188 276 232 610
259 893 829 264 370 110 359 852 296 891 693 64 568 709 209 278 919 427 573 283 758 822 697 78 621 302 598 97 948 150 21 177 271 236 607 856 782 818 790 924 920 250 385 569 901 540
480 517 932 107 686 845 821 921 553 605 758 900 5 397 176 256 549 60 383 77 912 727 982 436 924 858 483 283 931 562 329 865 308 585 170 33 987 579 363 437 664 715 606 394 276 620 476 326 488 270 834 459 151 989 635 674 546 195 964 663 470 343 747 963 608 262 575 112 299 658 968 654 699 371 84 818 539 367 423 949
820 896 289
409 452 119 644 192 4 840 670 134 144 1000 342 764 66 810 718 973 310 513 650 207 79 238 95 788 428 685 451 196 300 12 632 397 187 952 907 998 54 271 494 827 240 695 424 971 16 630 847 548 911
315 836 971 54 706 991 193 756 103 879 876 727 423 822 752 817 918 613 830 777 239 154 66 449 191 530 102 665 293 615 62 272 194 470 854 213 853 56 206 257 527 99 184 989 597 215 163 661 674
611 492 657 328 947 557 566 670 296 706 588 561 695 53 388 333 795 377 494 347 721 339 874 392 251 431 152 697 287 742 15 763 242 101 987 369 323 659 942 869 716 909 159
473 698 572 161 742 985 767 856
969 922 73 737 153 873 318 881 304 515 313
794 250 155 756 381 705 445 265 15 740 646 328 521 954 893 546 555 994 527 762 356 8 202 363 121 384 293 60 260 695 693 118 105 371 182 632 988 4 62 737 877 13 426 448 324 266 869 140 453
47 479 759 297 80 970 961 470 879 514 228 516 181 686 247 534 303
370 265 656 151 762 383 536 266 826 184 492 356 26 103 302 250 178 648 803 91 210 289 277 382 836 86 637 291 603 167 351 569 218 66 888 595 119 764 406
699 741 688 280 720 800 671 782 840 71 42 595 922 226 297 908 217 651 817 578 554 66 301 240 861 76 611 958 321 996 61 843 353 812 127 362 748 20 129 302 961 1000 670 630 474 760 130 467 776 396 771 249 381 408 772 986 190 153 745 307 713 274 551 974 932 322 326 653 108 125 244 323 330 505
76 538 358 65 112 573 619 615 275 491 593 957 579 883 617 802 533 940 459 394 361 273 627 703 776 7 855 184 878 780 457 769 923 476 799 153 731 480
137 981 523 38 533 451 843 270 819 179 618 530 468 559 285 794 967 762 405 824 537 98 64 717 902 241 654 513 324 441 738 969 722 214 855 535 784 375 102 711 802 348 109 786 551 853 162 865 661 545 458 443 462 204 934 621 866 478 193 305 470 379 877 638 29 342 18 296 243 736 198 465 158 347
835 515 387 331 988 378 801 663 405 60 878 951 910 236 523 281 991 929 421 944 743 246 916 688 106 755 625 6
102 367 265 262 933 324 82 707 672 912 588 900 304 650 168 767 666 421 992 788 433 79 348 661 864 930 917 131 375 443 566 72
159 51 141 921 103 750 175 770 648 616 336 165 224 25 799 370 152 432 903 231 203 497 474 164 521 678 936 173 399 462 456 793 912 867 906 360 419 592 324 618 692 70 581 916 587 798 837 652 470 691 35 28 23 733 897 969 513 994 362 170 75 851 451 509 595 504 144 506 677 346 588 913 717 826 529 759 46 408 302 212 543 218 563 810 444 6 634 307 880 818 803 726 989 579 636 279 265 293 797 414
39 586 464 418 608 466 641 490 488 40 491 603 142 744 193 435 871 858 424 62 398 287 967 995 38 827 468 238 43 797 544 311 516 113 37 49 434 337 838 145 802 933 100 8 617 954 281 782 261 444 783 537 796 997 251 866 987 635 330 841 121 395 426 456 471 633 241 393 7 385 836 79 793 828 839 166 130 371 272 691 164 349 420 847 986 974 96 82 775 163 832 585 901 182 694 480 517 909
78 506 866 81 449 118 9 500 257 245 237 283 988 302 479 499 821 161 520 921 974 447 862 230 539 423 815 916 420 467 94 213 873 711 253 922 868 282 880 792 804 907 177 883 923 384 190 740 356 932 424 344 444 147 937 382
630 963 680 735 68 292 959 78 82 300 949 563 667 472 747 446 924 920 459 542 557 614 130 440
607 775 600 366 176 489 660 930 352 528 618 702 190 376 456 758 884 655 298 373 830 923 149 471 882 638 823 910 587 629 405 544 535 589 396 201 731 214 445 1000 240 16 20 283 591 846 703 442 460 954 877 205 795 118 804 134 256 487 28 254 625 769 961 844 926 58 374 754 98
528 536 311 531 456 891 731 587 636 183 423 602 704 811 500 860 713 738 376 346 722 750 212 382 292 816 730 520 982 688 253 499 240 805 400 977 141 241 462 633 595 468 959 613 434 491 479 670 728 146 343 11 687 194 791 26 454 892 963 243 564 367 347 697 225 128 399 906 113 831 913 34 378 889 202 672 47 534
552 692 768 587 812 147 137 362 642 600 75 332 639 881 90 565 426 57 231 408 412 681 895 616 237 569 932 60 296 127 790 69 402 520 951 515 777 815 224 471 940 431 484 495 793 386 950 314 695 961 217 686 142 183 243 594 400 554 461 62 457 122 660 868 33 395 351 394 327 641 414 306 504 598
686 418 31 881 897 93 998 937 995 57 98 293 705 110 542 600 164 968 489 486 442 725 844 257 812
