107 938 395 860 661 964 151 218 38 597 439 144 162 305 783 202 941 547 590 601 555 85 347 458 951 152 17 824 473 461 218 268 296 994 850 535 72 761 166 925 16 128 908 470 26 466 659 946 693 359 360 594 932 582 789 606 146 659 554 975 17 423 923 602 587 727 258 561 335 271 43 198 964 154 416 32 143 419 788 168 36 850 371 420 473 373 902 397 608 492 573
962 39 211 106 33 430 895 986 938 642 62 838 844 763 32 617 236 143 637 680 961 340 334 603 480 464 337 341 287 293 539 34 225 943 58 348 865 88 266 873 511 951 807 596 344 546 924 13 498 244 752 619 850 531 176 99 267 958 102 663 362 475 879 490 336 141 876 669 72 642 957 634 507 818
491 448 305 25 251
984 173 996 374 520 71 527 442 550 544 158 526 827 454 204 932 818 815 65 286 787 753 263 665 266 213 388 747 865 170 414 645 178 171 322 248 327 431 302 493 570 749 562 572 250 917 196 512 942 857 264 770 28 56 405 789 462 430 376 282
899 131 817 693 326 571 395 818 323 832 217 641 195 995 840 359 421 837 425 445 911 158 832 212 200 137 585 173 508 373 65 103 524 745 651 410 366 657 470 942 813 532 868 600 158 865 700 892 937 905 452 261 366 660 369 544 237 53 329 42 497 477 916 295 742 608 731 439 590 200 456 55 319 747 866 82 852 1000 43 761 165 436 658 37 81 980 717 16 636 824 929 726 418 462 354 786 49
160 45 472 26 212 508 461 588 506 168 494 709 303 766 100 797 326 57 648 492 931 455 721 104 381 225 478 43 444 344 727 534 663 204 675 618 45 234 65 88 677 101 750 822 158 330 322 293 440 929 120 633 388 572 840 478 0 799 946 856 908 601 985 596 368 604 717 906 494 767 101 935 947 354 554 279 382 270 467 270 226 116 837 641 600 846 146 816 602 803 845 822 900 936 569 860 912 154 129 29
8 12 400 452 683 43 95 481 641 964 826 705 143 756 48 572 173 433 369 415 193 920 691 332 408 646 506 97 758 542 274 607 593 311 685 602 705 354 290 357 783 339 425 591 90 771 265 414 361 404 969 113 683 175 258 23 650 156 109 406 407 946 938 381 741 616 836 195 481 868 481 970 255 167 741 762 545 866 394 104 444 883 311 361 303 665 743 508 202 311 632 657 890 627 56 421 900
340 679 310 72 450 114 717 780 776 44 34
320 186 401 403 338 865 399 236 239 507 896 527 52 291 749 349 755 390 347 307 297 696 1000 242 717 469 974 244 99 672 790 6 609 269 254 359 536 651 266 254 914 350 519 327 381 888 795 174 774 691 74 320 530 40 22 93 800 892 157 253
457 781 444 749 481 706 335 958 561 161 459 843 609 65 619 940 408 718 722 917 166 914 199 92 807 137 614 679 132 322
751 994 198 699 963 277 557 30 530 959 126 386 451 253 942 36 691 686 647 979 180 261 715 330 443 628 173 94 481 447 113 760 256 728 928 699 329 455 442 364 479 675 39 430 357 168 554 118 882 789 593 177 504 330 110 363 517 853 933 252 232 755 845 69 444 591 338
772 57 581 862 143 622 934 326 918 939 432 500 251 562 172 741 615 924 13 979 537 992 764 844 860 967 296 367 397 889 813 2 213 861 616 583 53 469 183 363 704 642 467 868 6 951 416 70 204 373 303 217 325 450 214 768 654 338 181 343 236 262 377 201 509 390 745 847
766 936 403 949 269 524 922 3 627 854 155 595 767 402 556 739 494 810 202 486 97 857 680 498 318 734
411 155 192 511 464 999 592 680 910 546 553 497 687 357 300 957 424 380 157 124 890 102 744 737 962 15 913 985 665 637 139 302 575 683 580 509 365 614 165 344 309 55 134 274 103 137 938 861 887 610 310 536 970 146 359 580 958 4 373 389 221 102 613 593 481 664 156 449 805 358 340 368 575 595 619 40 542
711 753 122 375 471 458 0 740 73 980 982 48 478 672 177
713 380 493 169 842 359 179 981 596 69 545 488 871 108 813 900 713 557 519
246 218 16 82 101 393 653 940 309 979 517 66 377 513 9 941 538 603 815 837 523 187 743 705 922 539 739 945 768 618 153 412 868 172 254 90 381 50 200 239 23 801 942 501 660 596 90 294 454 476 568 571 69 874 370 936 185 184 236 164 689 395 681 219 185 27 952 476 715 657 146 171 695 578 1000 33 427 805 862 324 467 360 57 261 938 505 48 832 16 682 536 364 287 423 457 363 205 428 695 264
92 806 62 69 603 208 38 89 593 60 482 78 331 851 932 353 94 661 285 680 932 762 23 164 163 920 963 804 91 725 672 317 487 890 20 383 21 260 277 912 440 508 233 868 394 908 202 162 669 106 496 138 284 72 506 761 249 95 811 54 735 14 977 394 198 251 530 498 311 125 264 941 105 259 412 508 775 14 537 160 544 908 992 430 124 572 91 149 445 983 139 500 473 732 759 72 156 581 329 349
110 747 471 119 991 578 627 572 318 559 872 607 220 285 156 207 653 491 599 116 625 379 367 161 865 721 313 945 582 9 505 805 507 211 399 330 421 703 980 132 803 698 801 832 598 155 63 130 878
411 517 886 382 688 16 94 373 928 384 50 511
881 680 702 783 653 424 89 37 5 707 951 775 516 910 235 854 727 909 112 202 8 28
565 883 229 877 682 192 473 759 759 681
596 100 253 777 387 505 175 476 585 681 517 631 364 753 810 283 322 164 917 706 412 418 500 108 261 88 227 134 99 275 637 235 76 61 962 387 461 443 46 305 4 596 765 68 727 264 533 0 318 640 545 978 606 2 528 867 638 372 43 808 540 491 564 1000 979 281 909 243 707 577 850 526 92 690 453 301 854 616 615 375 519
430 167 688 107 836 822 945 903 494 164 558 94 109 706 536 227 887 442 846 676 597 412 125 592 30 427 244 276 734 356 399 945 775 189 534 797 724 111 274 233 123 201 550
254 715 908 726 874 839 785 394 91 496 848 46 87 953 258 163 263 686 309 692 738 984 103 458 481 799 766 481 390 519 590 443 715 555 549 420 527 355 533 241 942 809 104 141 396 964 873 610 208 365
889 967 546 700 468 970 858 640 358 386 785 45 946 747 503 994 129 763 154 32 508 855 357 810 725 926 720 931 462 692 888 353 842 953 567 431 437 37 508 658
575 425 590 844 989 914 579 608 259 317 570 891 552 37 985 418 386 110 411 290 69 694 832 758 380 994 56 23 92 849 406 246 86 907 410 982 402 405 980 190 552 189 729 954 131 944 53 583 230 890 658 475 332 189 40 995 9 337 567 716 663 913 192 450 939 834 725 970 825 697 863 149 480 910 322 523
86 42 643 275 700 678 103 728 298 682 245 477 357 334 534 420 418 561 107 480 570 593 625 387 665 721 918
845 174 499 650 645 283 83 348 340 698 345 862 173 878 402 663 935 160 11 525 968 205 832 255 843 194 300 859 890 249 933 993 601 439 312 24 168 266 895 161 158 70 27 790 569 523 627 374 850 900 514 24 80 980 476 868 917 874 774 497 433 299 586 476
928 257 159 241 622 8 773 938 346 181 923 505 887 93 585 228 965 46 562 976 318 752 150 227 102 403 967 196 350 756 824 680 128 829 964 521 227 408 224 58 149 772 770 106 758 980 266 39 507 386 776 313 123 506 682 282 450
565 76 223 814 182 378 590 937 516 185 645 278 798 677 31 99 36 608 464 490 152 144 53 960 340 79 346 280 961 511 899 826 329 683 826 190 96 200 698 73 505 837 213 803 684 564 176 381 149 970 416 507 338 834 515 542 88 844 122 919 628 897 15 809 608 974 622 147 45 712 770 338 339 853 534
621 918 54 459 968 456 344 407 386 284 477 992 997 768 359 21 846 818 76 789 485 897 319 267 162 82 562 150 812 972 455 684 861 101 523 581 668 661 919 144 331 762 404 963 160 290 211 758 437 374 239 724 937 459 9 789 214 867 563 392 254 269 407 454 239 805 43 899 325 597 983 195 221 278 89 121 982 772 371 740 355 693 807 457 218 109 179 203 595 877 725
228 435 311 402 205 834 365 544 884 323 316 940 781 574 688 351 495 226 681 705 439 842 587 863 823 430 509 448 593 799 635 213 637 506 99 782 307 334
102 253 469 974 583 293 553 51 510 224 579 598 317 631 72 33 945 830 447 961 374 983 872 228 267 426 862 668 408 177 529 912 678 649 961 643 205 283 531 211 889 570 431 315 831 170 373 884 94 931 718 996 382 967 832 450 830 63 922 283 972 535 825 601 306 976 900 860 372 418
169 946 941 646 205 232 823 585 316 376 386 780 350 571 692 923
279 487 338 889 150 503 878 777 593 596 115 792 445 983 31 150 154 617 152 149 549 941 976 861 467 849 788 730 654 554 772 391 840 605 637 926 633 767 925 332 951 847 224 626 356 627 447 290 225 244 249 705 145 397
643 956 803 632 739 754 379 414 675 284 428 522 730 731 44 413 169 286 808 359 252 849 242 292 546 318 858 615 586 666 995 734 902 796 264 356 854 176 925 453 607 72 499
536 932 451 889 686 953 605 530 847 630 534 760 172 965 448 879 604 66 344 667 285 573 96 166 478 152 822 663 615 545 379 511 261 832 671 949 729 61 149 722 77 49 807 91 186 9 17
45 328 278
377 304 120 272 697 460 49 366 295 392 747 285 456 323 686 482 526 183 65 213 984 835 895 470 5 122 141 331 178 913 643 860 38 698 903 474 96 762 647 326 403 707 138 952 19 990 837 359 229 519 510 563 380 734 184
932 553 950 57 446 72 674 112 730 407 183 787 732 791 611 70 234 206 166 50 573 49 569 297 300 265 10 464 81 202 515 887 298 354 693 715 854 654 856 557 868 257 568 373 994 55 991 759 404 94 828 56 260 85 795 157 220 550 211 754 300 804
227 709 351 438 857 911 434 655 910 711 274 117
628 744 847 243 780 301 117 452 992 779 128 204 779 805 612 102 486 263 618 169 977 652 294 444 73 145 783 491 180 119 165 884 887 322 807 75 789 530 940 350 926 847 7 975 898 109 249 424 564 79 528 525 921 762 389 540 775 307 181 342 622 663 634 687 859 34 485 535 30 697 607 744 541 638 528 309 298 37 372 11 11 802 670 800 654
112 554 13 891 94 407 212 691 751 275 779 526 954 817 846 570 66 36 749 425 426 282 785 525 839 465 426 102 522 527 810 72 617 384 611 108 365 904 123 463 936 854 83 59 372 30 853 700 722 482 156 410 803 243 546 564 980 69 604 598 754 428 255 770 582 148 170 1000 136 736 263 251 107 321 361 446 392 314 46 80 137 445 954 679 465 399 812 919 632
604 492 880
832 780 764 110 738 455 229 267 652 731 172 104 531 998 232 165 87 140 599 682 347 756 568 773 866 725 417 939 815 921 909 232 725 973 829 275 723 350 29 705 952 414 570
422 679 542 332 859
976 216 255 735 241 993 494 273 513 45 601 763 810 462 870 889 683 348 394 612 743 167 853 164 403 709 168 284 277 322 627 474 984 101 160 995 681 376 91 842 190 260 254 232 249 866 553 770 787 456 527 576 945 440 168 929 419 193 500 590 385 164 511 842 353 143 989 710 497 246 491 839
536 619 380 597 358 466 487 83 59 372 982 725 24 311 178 736 270 737 379 584 654 229 305 446 85 49 46 900 517 857 447 819 565 149 769 663 588 357 340 499 17 123 534 576 487 375 589 823 572 207 250 887 147 598 956 586 793 914 248 214 246 509 555 333 387
41 774 623 152 76 321 326 831 936 319 495 847 573 528 515 859 185 158 778 657 223 936 776 58 597 700 772 312 8 940 780 446 372 375 113 945 789 775 906 878 494 56 886 336 475 433 928 81 915 945 624 760 411 929 257 505 950 852 291 312 138 700 955 473 524 831 507 110 823 858 569 711 288 39 633 785 765 817 740 142 120 408 894 389 330 883 488 925 39 71 289 513 78 265 354
855 686 320 843 746 416 654 643 361 605
531 840 236
980 751 980 920 931 433 284 826 848 549 989 353 569 738 819 937 410 781 639 294 582 100 966 479 696 246 173 31 726 292 289 59 871 538 425 572 843 247 368 154 232 275 171 435
338 128 117 339 708 39 209 827 95 758 843 62 650 428 330 575 652 906 198 648 236 309 199 979 803 213 276 976 56 208 99 800 529 9 587 52 1000 990 579 727 754 836 673 697 255 496 759 477 341 486 549 639 831 368 368 333 791 226 308 957 519 904 670 531 195 947 373 826 571 656 429 820 425 374 781 465 626 408 171 171 610
102 386 814 497 859 587 456 843 38 319 358 850 354 387 949 75 85 978 515 807 545 712 673 658 756 80 350 131 585 898 858 799 698 163 618 16 529 474 750 875 842 799 765 188 588 193 941 8 232 862 812 214 786 923 363 729 143 948 863 126 201 778 263 733 225 459 478 386 815 341 535 501
92 431 165 474 717 172 806 39 14 944 259 306 280 494 281 272 406 748 693 393 955 264 162 861 97 807 17 651 11 119 204 276 236 897 412 586 797 567 731 984 334 427 396 590 584 547 204 612 856 685 631
94 73 574 386 656 616 52 296 129 630 565 370 759 430 511 267 597 507 195 677 452 83 143 759 432 688 663 373 707 389 893 818 567 10 538 717 156 347 385 360 762 218 548 814 351 857 311 732 508 133 412 613 552 649 586 318 620 878 353 785 47 447 318 522 95 287 431 870 472 49 309 583 978 144 722 162 499 292 807 579 301 379 650
664 233 521
702 947 975 857 372 630 336 750 607 551 220 812 450 983 558 348 341 940 897 58 747 680 209 601 680 44 866 688 587 552 502 32 241 259 594 638 556 214 532 374 179 926 504 364 301 339
107 388 936 296 531 768 666 134 369 234 251 705 776
680 860 585 113 810 196 372 679 382 94 905 972 225 188 287 998 411 687 789 877 834 399 678 679 262 657 122 534 750 957 370 616 187 547 264 383 607 848 1 354 284 330 245 786 754 5 606 187 527 907 215 707 965 355
829 632 412 983 586 293 86 894 304 60 714 28 186 353 329 546 899 57 131 290 48 277 761 301 514 569 499 674 78 591 28 249 41 728 784 779 137 527 716 13 339 553 993 146 476 597 870 938 748 147 771 817 774 563 411 830 119 767 102 322 463 31 705 898 110 424 643 802 636 151 606 106 212
390 396 791 783 330 373 227 307 215 116 499 877 380 1000 371 502 493 770 946 293 831 406 239 228 293 244 397 429 197 424 418 499 701 591 547 817 605 536 819 36 157 454 549 989 612 617 177 95 79 171 957 733 681 164 110 52 856 857 843 651 66
395 242 429 973
337 985 478 646 738 942 526 77 809 853 740 551 84 713 124 363 939 423
66 198 654 676 649 469 978 835 85 799 67 198 896 228 581 410 272 833 993 67 541 294 258 697 131 707 956 972 485 884 543 532 513 275 919 410 901 847 803 686 733 728 832 646 495 894 993 820 321 394 443 180 767 7 227 314 391 307 190 680 972 751 157 487 604 387 193 291 23 685 787 56 376 143 289 777 62 389 938 736
384 911 831 75 268 193 875 749 305 609 308 69 769 184 340 475 841 720 674 506 711 868 892 289 765 584 838 271 63 315 661 953 947 930 969 136 61 956 168 130 338 143 907 933 732 683 807 941 667 990 771 50 441 189 425 368 402 943 285 459 584 662 313 808 789 39 497 804 363 298 35 857 594 696 856 729 99 34 776 4 678 963
51 983 762 153 212 511 535 144 656 257 587 819 291 550 212 812 613 61 220 460 140 831 7 318 41 246 419 777 807 123 666 669 885 922 507 762 923 867 709 122 130 300 814 345 179 841 282 97 631 559 358 445 76 757 356 822 440 47 898 741 216 210 447 908 825 62 632 9 162 617 576 603 413 745 20 395 563 73 388 230 111 382 325 831 397 214 45 634 155 4 577 481 131 691 193 141 109 103 703 652
362 136 365 229 371 572 60 161 680 53 891 605 528 203 107 382 46 682 921 120 237 839 718 507 545 60 661 437 805 783 826 173 723 115 420 239 540 197 778 438 389 348 999 422 329 434 902 137 991
183 109 77 345 820 581 56 758 988 169 16 484 964 551 231 598 525 692 979 356
624 388 174 847 949 824 850 709 148 708 215 273 174 9 432 732 19 732 564 703 933 792 924 982 416 228 501 680 605 44 39 526 453 372 743 488 745 828 487 792 750 470 82 629 203 632 56 262 148 634 586 648 501 896 258 671 991 874 494 419 475 924 310 234 333 94 280 70 589 351 578 770 919 615 352 59 95 337
144 325 247 941 854 822 846 573 59 396 906 237 282 959 771 66 197 470 533 804 73 926 517 68 650 193 294 556 790 277 361 677 821 571 691 721 970 594 840 922 310
892 596 20 737 946 961 310 859 992 853 835 949 551 988 928 425 912 157 745 32 828 681
705 165 848 278 367 471 929 496 736 676 844 334 783 495 112 196 212 906 787 511 963 335 120 23 994 390 869 128 129 105 934 147 579 727 430 220 909 367 192 756 768 91 307 29 85 136 552 89 260 964 892 458 733 589 136 840 673 154 624 881 222 594 878 705 634 329 578 500 211
937 184 763 993 810 319 65 765 980 51 639 726 896 886 525 460 217 711 15 531 399 370 425 922 651 953 476 181 306 573 209 433 886 625 974 393 191 646 857 951 517 744 681 660 202 407 59 758 244 896 819 84 478 424 33 529 366 253 840 783 374 292 86 792 115 67 343 474 622 814 386 692 977 288 9 801 766 245 205 786
87 704 306 434 465 6 634 140 58 454 473 421 240 755 586 537 832 551 55 592 846 965 403 416 808 723 674 338 940 977 335 511 680 405 540 830 705 753 916 782 590 64 608 136 849 195 911 923 254 369 631 0 578 357 502 27 486 745 941 863 467
291 775 351 914 830 323 66 971 595 312 689 140 135 854 577 390 667 489 625 443 433 650 783 940 21 310 827 63 611 25 696 515 45 204 852 11 102 174 728 369 264
211 12 789 184 566 703 672 342 197 193 140 895 536 340 403 163 295 730 774 102 901 393 461 502 336 939 65 825 50 964 170 498 300 101 619 292 801 641 656 973 906 872 501 740 254 127 225 788 481 736
924 836 383 41 19 605 491 991 448 620 526 592 371 916 968 793 681 556 417 348 367 343 29 189 403 29 841 292 167 205 75 77 481 388 965 913 846 293 300 670 109 807 214 585 642 141 36 72 101 869 9
507 786 563 43 561 692 381 835 437 152 548 459 909 864 77 759 638 780 537 235 330 868 12 431 589 476 477 902 715 79 767 83 481 324 973 651 981 411 993 214 212 608 642 63 500 288 710 476 536 52 619 95 419 531 842 358 211
147 229 535 558 155 803 477 133 285 296 925 74 974 721 413 91 580 938 879 329 70 659 45 443 88 672 25 786 283 880 945 156 770 178 835 159 889 569 524 422 673 914 979 803 446 659 142 627 301 665 43 473 26 509 125 259 707 767 458 261 32 233 710 583 106 446 538 706 535 424 830 16 987 11 41 759 846 433 482 415 812 144 307 180 537 39 650 906 292 630 620 882 288 539 796
527 168 301 147 338 772 791 949 895 461 572 59 960 980 36 613 877 774 637 714 897 216 355 480 628 399 839 751 139 278 873 540 298 949 819 622 295 457 322 377 539 185 253 879 914 624 469 911 665 627 888 877 793 815 104 569 652 767 655 488 309 524 936 610 936 957 721 141 703 843 514 142 30 613 567 882 772 235 898 20 244 281 515 388 477 328 849
813 274 746 811 171 616 386 892 911 1000 273 82 62 616 976 482 417 442 272 139 118 108 719
278 892 868 310 848 684 615 133 57 469 270 244 761 373 484 783 246 241 709 574 296 382 200 715 848 834 453 417 936 759 552 907 769 93 950 247 902 919 937 890 676 893 407 492 733 321 856 181 166 588 238 605 832 729 613 911 108 663 396 831 54 448 431 925 583 265 806 362 698 236 32 348 393 380 856 459 626 903 631 333 709 999 599 912 111 440 655 717 4 297 987 335 625 147
68 141 56 530 515 901 826 444 645 872 320 687 738 718 951 617 40 870 238 454 627 783 210 949 525 841 952 544 729 489 218 816 170 25 113 772 295 914 41 668 211 420 744 224 741 159 399 776 329 599 540 363 996 207 737 879 891 659 843 625 918 991 353 356 453 427 203 214 260 234 258 193 889 398 75 509 977 142 629 51 852 191 930
57 593 255 637 490 267 31 511 304 910 763 26 155 663 949 501 228 703 729 385 60 115 117 571 446 147 398 325 928 747 121 920 697 174 82 957 851 681 591 220 977 387 463 205 416 282 314 204 520 88 541
316 293 75 108 773 669 104 324 684 314 624 592 190 719 357 719 562 835 615 324 74 969 751 356 384 892 388 888 345 126 716 731 787 399 918 473 248 785 430 796 525 372 75 653 379 686 836 931 571 189 931
806 664 282 788 829 107 890 629 769 692 424 127 952 217 287 908 451 93 18 26 912 409 382 764 101 554 610 249 79 777 113 499 103 921 768 565 34 368 891 303 760 204 146 101 551 828 314 64 868 974 84 922 946 19 343 518 796 711 617 855 819 878 783 257 951 583 749 680
276 232 569 808 972 550 570 587 24 275 835 758 418 403 134 220 516 535 446 900 190 911 384 154 534 781 907 143 553 131 125 88 738
446 120 850 647 535
777 477 507 269 440 205 543 52 17 632 530 267 980 550 87 829 791 582 814 721 197 763 78 290 162 83
452 356 792 467 264 516 641 526 304 352 309 196 641 108 875 43 275 496 268 159 135 933 927 688 281
242 897 954 59 330 872 762 305 758 629 471 413 79 69 958 311 287 85 769 623 173 43 267 542 600 497 393 471 652 640 363 457 714 735 811 937 343 833 784 597 565 34 252 562 916 117 698 211 964 965 675 177 512 312 37 672 98 85 246 244 779 980 476 96 96 315 592 499 915 91 576 445 514 584 152 776 372 636 591 367 958 153 789 798 59 759 336 241 652 155 644 910 419 787 591 424 127 465
308 564 122 638 158 298 991 225 230 535 16 713 975 554 654 239 525 500 100 603 57 406 161 30 733 599 921 67 404 672 273 81 506 551 292 345 925 624 648 38 915 988 184 634 315 40 881 490 621 570 613 511 174 23 812 628 898
512 332 965 155 181 654 396 608 509 397 512 194 188 846
549 386 463 638 384 874 343 505 826 372 678 265 438 870 823 686 882 279 812 81 294 42 431 309 332 663 430 840 28 466 1 476 678 679 566 425 966 113 169 849 826 677 60 696 580 929 66 217 856 241 607 699 588 584 662 816 156 881 5 27 241 95 652 155
405 958 184 763 322 255 760 895 434 44 785 518 2 100 849 787 294 4 741 896 716 55 321 77 464 456 860 921 422 410 668 611 929 541 519 701 726 194 643 748 395 306 725 49 904 655 309 383 213 803 801 503 487 834 812 868 305 634 873 865 630 917 982 28 756 790 854 88 372 757 399 604 931 497 354 726 211 859 107 746 876 834 323
702 315 301 365 282 629 893 705 273 947 742 105 90 853 151 947
953 780 260 641 543 963 950 528 936 850 55 942 271 201 894 375 857 377 779 750 159 893 218 481 257 936 623 706 510 791 280 635 111 822 389 412 219 757 0 39 524 606 476 486 384 900 632 286 304 962 176 889 818 886 308 692 637 692 718 587 831 727 577 727 330 718 278 970 685 862 105 441 426 605 18 348 267 134 681 727 345
209 482 131 638 182 189 824 425 269 951 214 351 309 391 958 738 375 1000 963 482 975 929 201 948 697 773 100 321 277 256 988 552 823 425 34 704 207 889 307 932 284 741 318 857 956 941 518 548 396 265 164 821 808 231 966 721 770 463 227 70 701 209 104 4 105 365 828 891 417 758 617 891 548 135 148 361 358 81
