0 22 61 40 0 27 0 46 18 33 36 25 49 36 27 4 0 15 45 35 24 13 35 51 19 43 19 2 16 31 49 24 5 60 42 19 2 33 42 0 7 0 4 3 25 0 8 16 17 34 60 31 34 27 17 6 16 2 56 26 25 30
0 14 17 18 0 19 9 2 19 8 0 14 0 11 20 18 4 25 1 19 16 0 0 14 13
9 27 22 9 15 16 13 4 0 25 0 23 10 21 19 8 11 0 13 0 29 16 16 0 14 7 3 25 17
0 0 24 1 35 28 0 0 21 23 33 0 14 4 3 10 24 12 33 0 22 0 0 31 27 38 26 27 4 0 22 0 8 39 15 15 19 33 31
6 1 0 0 0 3 3 0
46 43 10 47 17 43 0 36 57 46 19 62 12 23 43 9 0 61 44 57 65 8 9 0 0 5 30 0 60 0 0 53 0 61 0 15 21 47 48 43 23 0 8 25 23 50 0 17 0 44 14 3 63 0 4 7 10 48 49 23 0 9 36 11 18 34
25 36 9 0 9 18 53 0 21 49 25 4 5 26 53 3 5 44 5 43 41 12 32 0 49 47 48 31 39 52 48 0 0 37 9 6 21 0 6 47 47 32 27 27 41 0 4 0 16 22 47 0 26 9 0 0
10 10 0 6 0 0 4 7 6 14 8 6 14 13 2 13 18 0 11
0 0 0 0
0 38 51 15 27 0 1 27 31 9 25 41 21 37 0 1 0 0 41 34 14 0 9 0 22 21 9 0 0 50 43 4 50 49 38 4 17 0 47 0 0 43 1 47 56 36 15 35 0 43 0 3 29 0 0 23
4 0 21 9 28 0 12 17 20 25 8 0 14 0 0 0 31 15 11 25 0 39 33 3 0 10 18 26 0 3 33 23 28 8 13 17 0 12 34 30
24 5 38 5 4 46 56 0 0 50 0 8 0 22 59 35 37 59 9 54 0 55 0 37 48 11 11 3 49 35 0 0 38 50 7 0 39 9 24 39 47 0 3 30 13 0 57 0 50 0 30 28 44 19 34 22 32 4 38
0 32 0 92 83 4 0 88 65 76 83 0 0 52 68 15 44 0 67 82 0 76 0 72 3 49 60 32 16 74 0 4 76 0 36 37 0 0 85 95 67 0 45 73 85 19 40 4 22 0 52 24 0 91 96 0 23 92 72 78 90 74 0 68 73 0 0 27 74 20 13 61 75 94 19 62 62 0 37 0 7 25 41 3 0 77 73 50 96 72 61 45 0 65 5 16 39 79
14 0 0 36 24 14 3 1 46 0 0 46 39 31 11 10 45 1 27 0 0 1 11 45 9 0 16 0 0 0 0 3 12 20 18 0 12 20 9 34 45 18 29 24 40 47 0 34
20 0 12 0 0 24 8 0 39 0 0 33 36 19 13 11 24 0 0 1 33 27 16 0 0 1 0 24 25 10 35 11 0 0 6 0 31 26 20 14 0
33 67 0 58 57 27 32 43 19 0 0 28 35 45 9 45 29 48 0 27 36 47 0 11 46 1 33 0 28 18 18 31 63 0 5 0 0 0 59 46 0 28 45 28 36 1 34 0 38 51 7 31 13 47 0 14 0 65 7 9 23 50 31 35 24 42 0 67
7 46 10 0 0 17 41 44 24 0 0 0 45 13 7 17 0 3 0 37 13 2 18 0 1 41 25 17 0 0 12 11 0 0 25 16 6 0 31 37 55 36 12 3 52 49 0 1 25 30 6 44 56 28 7 3
54 0 35 15 0 59 0 23 95 0 66 0 0 47 42 83 0 44 9 54 32 58 60 0 52 0 0 89 86 61 0 86 93 84 8 50 93 35 84 0 94 64 51 0 30 2 0 59 35 47 15 19 78 44 0 42 87 29 16 86 68 40 0 36 0 34 38 76 76 11 0 43 75 79 22 44 65 64 45 12 82 92 0 83 7 44 43 58 27 33 73 10 32 0 46
16 0 35 24 0 29 4 44 39 0 49 0 4 0 31 0 0 42 21 15 32 2 27 7 0 36 45 40 28 19 17 26 14 17 47 16 0 29 47 1 38 1 2 0 9 0 26 40 31
0 33 28 0 0 45 48 44 40 46 61 6 5 0 12 44 19 0 52 0 35 60 0 0 35 36 0 39 50 0 20 12 0 31 15 44 0 2 19 56 0 8 19 42 0 51 21 25 0 57 0 21 59 25 60 0 59 60 0 56 39 15 0
6 22 70 38 0 63 59 1 0 51 4 0 0 21 65 37 72 0 58 0 0 73 46 25 0 29 8 16 73 9 0 0 67 66 13 46 9 55 49 0 22 69 17 14 38 54 17 66 29 32 4 2 34 0 52 0 45 33 15 8 20 0 0 43 0 0 49 0 15 49 15 60 4 46 29
18 0 24 23 11 32 28 5 2 23 8 2 34 17 26 0 8 2 21 34 0 28 4 0 16 7 0 0 12 12 8 11 2 23 11
0 13 0 0 0 9 0 3 0 0 0 13 7 0 0 5 7 10 12
0 15 12 20 7 7 0 10 12 15 10 5 1 17 0 4 6 0 0 0 1
2 0 0
0 10 0 1 0 12 0 1 14 5 21 20 7 0 5 19 13 0 12 0 0 13
14 46 0 8 20 2 25 15 0 38 46 11 20 5 0 0 25 0 43 0 22 44 24 40 43 7 41 35 8 20 4 45 13 0 0 0 46 27 0 0 21 43 38 29 32 0
0 23 0 34 21 55 43 29 0 44 39 0 49 10 49 52 1 0 1 28 28 38 25 0 0 53 0 0 11 23 0 30 27 6 30 39 51 55 28 0 45 24 10 50 0 5 29 2 18 49 0 50 26 18 39 1 10 15
2 0 4 0 3 3
7 0 0 0 0 0 0 1 8
22 20 0 33 16 0 73 52 0 71 80 20 11 36 0 46 0 30 5 50 14 0 39 95 16 83 85 99 3 21 54 0 0 16 46 59 35 73 81 42 78 41 0 15 13 58 42 0 90 22 29 88 86 0 39 0 43 74 0 62 63 43 0 0 48 27 14 61 92 60 55 60 9 31 40 30 76 63 59 7 80 84 90 64 0 74 86 0 0 32 79 0 0 38 50 0 69 0 11
0 0 22 39 34 24 0 30 27 16 38 22 0 30 13 35 0 24 16 26 27 7 12 1 38 36 12 0 41 3 0 0 15 28 28 10 0 2 0 39 0
15 16 25 29 14 54 51 17 54 0 16 1 59 0 3 55 15 0 51 49 55 14 24 0 49 37 12 47 25 0 0 0 29 38 46 0 47 1 45 13 0 31 10 0 9 0 51 43 0 0 57 40 0 33 60 14 58 20 10 0 0
41 95 0 30 0 35 62 67 26 0 55 84 71 0 0 63 0 52 66 45 39 68 39 54 27 49 43 19 0 0 55 75 49 0 39 0 38 83 0 0 36 80 25 56 19 0 84 59 7 0 0 0 6 0 62 70 35 27 0 0 1 38 6 12 0 19 0 42 62 77 56 85 21 0 77 34 11 73 0 23 47 50 49 79 95 53 43 32 90 0 71 17 66 64 41
17 30 52 10 35 10 8 12 0 0 14 57 0 44 37 0 11 19 0 54 0 0 50 15 47 0 14 40 16 44 15 48 58 46 0 40 11 21 55 12 24 0 0 16 42 45 54 13 0 7 50 16 37 0 36 0 1 0
10 4 7 18 0 5 1 10 0 3 0 14 24 12 8 0 14 7 2 0 14 18 1 9 11 19 13
12 11 0 20 16 25 10 7 0 16 2 2 0 8 16 24 3 7 16 1 25 2 8 0 24
50 43 29 40 0 24 15 32 34 1 39 2 3 18 16 33 20 0 16 47 0 42 34 52 10 49 34 0 18 0 21 49 0 49 19 43 0 0 19 0 19 50 31 0 46 20 0 50 36 20 31 0 0
69 0 24 0 53 7 0 25 52 0 69 41 0 62 0 34 88 9 82 0 38 34 68 0 0 0 0 11 0 0 7 11 5 71 82 81 40 56 34 0 38 37 26 43 0 45 80 0 90 76 76 65 66 65 22 2 76 88 55 67 95 41 59 73 6 92 0 16 82 19 0 75 0 7 0 53 43 0 32 0 90 26 0 23 0 0 76 27 39 0 89 59 0 0 70
13 0 0 0 0 30 23 0 20 11 27 9 7 10 11 28 11 13 30 9 27 4 19 29 0 0 26 17 0 0 18 19
0 10 12 19 14 19 19 4 11 0 3 0 0 10 20 8 0 6 18 0
0 56 0 18 65 0 24 0 0 30 69 34 73 0 0 22 8 54 62 41 22 59 27 29 18 0 44 29 72 52 0 16 3 0 57 63 0 0 34 20 20 70 23 69 0 69 38 63 53 40 20 6 0 21 33 55 61 0 26 3 43 0 0 0 0 53 74 21 70 69 10 14 31 0 7
37 27 0 0 34 34 21 2 0 0 36 0 47 13 33 1 30 28 4 44 42 2 26 0 0 48 24 5 40 0 54 28 18 22 2 0 42 0 50 33 55 9 37 23 38 13 33 16 14 16 16 36 36 10 25
77 92 0 64 9 0 83 26 57 55 0 76 0 26 0 20 0 75 0 0 63 29 52 20 0 49 0 80 53 28 73 74 77 7 0 55 45 88 15 67 59 72 64 92 15 0 0 59 66 64 11 80 31 12 0 0 43 42 6 53 0 82 77 21 41 26 11 15 92 60 87 35 0 6 11 13 51 64 38 42 9 50 1 0 13 46 67 0 0 47 39 0
64 65 0 0 7 30 47 36 0 41 38 22 20 0 26 22 0 20 8 0 17 37 55 0 0 7 62 20 0 20 27 0 48 0 0 32 23 0 57 0 0 0 39 60 50 47 11 26 19 33 49 49 27 15 11 32 0 0 44 11 5 0 0 57 2
19 0 0 31 26 27 0 7 17 13 28 34 0 3 36 0 30 35 2 28 24 37 5 25 27 35 36 39 15 0 20 30 3 27 29 0 2 28 0
36 0 14 21 7 0 6 0 18 35 10 35 30 19 0 0 2 19 0 2 0 12 35 8 18 9 16 0 24 5 0 31 28 32 30 39 15 10 25
2 11 68 65 45 65 80 66 11 49 0 27 0 22 61 0 0 46 59 8 2 27 52 17 70 87 0 82 70 0 80 74 6 11 59 4 58 50 56 0 0 0 56 2 0 81 63 61 0 0 82 17 5 21 75 38 80 56 86 50 0 8 75 85 28 69 66 30 49 39 42 0 82 30 0 50 0 87 73 0 0 0 63 0 48 61 0 3 75
0 0 30 67 20 77 0 0 83 83 22 0 69 73 77 0 0 4 0 40 0 72 63 54 0 1 18 31 41 61 23 6 82 0 73 0 61 70 68 53 5 0 79 0 57 0 0 68 15 90 71 38 4 18 22 0 85 0 11 0 71 21 57 42 72 74 48 90 88 80 0 11 0 0 76 65 56 48 8 81 0 91 0 0 53 23 45 79 53 0 59 54
0 24 13 0 8 33 13 26 46 20 33 21 2 5 18 0 0 12 2 0 2 35 37 0 4 0 48 36 0 0 25 19 27 0 19 29 38 0 45 3 29 31 47 30 28 24 13 0
3 1 0 29 14 12 47 32 14 45 31 42 35 0 0 0 13 0 0 0 0 37 1 46 36 12 12 0 47 39 49 14 28 33 2 43 7 4 5 30 29 19 31 0 41 32 33 8 0
4 11 2 5 13 12 20 13 3 20 16 13 7 0 6 9 8 16 4 10
61 0 0 41 57 44 9 0 44 28 17 0 24 61 37 0 50 7 6 17 0 0 0 17 11 0 56 0 20 22 57 0 32 0 34 0 33 42 0 57 25 0 16 21 13 64 9 38 61 0 21 61 21 22 9 0 0 0 36 61 65 60 8 15 0
2 20 18 0 0 7 9 0 23 5 16 18 15 2 6 13 0 13 15 2 20 0 18 2 16 3
0 41 27 18 11 24 17 0 0 0 0 33 1 13 0 40 38 8 35 2 35 27 31 36 0 22 0 15 24 12 23 24 0 23 0 5 20 9 37 6 0
6 4 18 0 0 0 0 6 3 0 0 7 19 4 19 10 0 0 8
66 48 45 35 17 0 45 20 27 3 0 36 46 25 28 61 0 12 0 12 10 0 4 48 61 25 33 58 6 0 48 20 58 0 0 8 61 74 26 7 25 3 0 28 18 0 36 8 9 46 0 0 47 0 0 74 1 6 49 0 32 0 4 47 0 25 3 0 2 57 0 28 11 0
93 27 0 0 76 63 50 0 96 47 0 58 0 90 4 54 68 28 85 70 58 0 48 50 16 0 39 4 0 74 36 66 98 49 95 67 7 64 13 11 93 2 79 35 48 26 12 21 70 52 16 0 0 0 0 4 30 22 48 57 14 0 0 52 70 8 26 87 35 14 93 7 28 6 9 55 0 87 45 47 0 50 75 80 29 72 11 0 0 54 0 31 0 53 15 26 85 84
0 3 5 5 2
0 14 12 3 0 14 10 14 14 13 13 16 9 11 0 0
10 0 7 0 22 22 23 3 2 2 16 15 19 2 19 0 5 0 13 1 11 7 11 9
32 12 43 27 7 0 21 0 0 16 47 23 9 0 37 27 44 7 0 44 12 29 0 18 35 0 3 0 0 0 1 0 0 2 25 44 26 47 16 6 0 9 0 19 0 38 25 4 43 21 13 43
16 47 0 36 0 0 31 0 0 43 0 24 54 3 13 22 0 49 36 54 42 25 41 4 32 0 26 9 0 42 48 5 12 40 12 10 35 11 20 0 9 17 40 37 0 15 51 32 46 0 52 13 0 5 46 54
42 50 0 0 0 84 21 0 66 48 86 45 47 54 0 7 16 17 0 0 13 44 48 0 84 0 64 2 13 27 33 75 24 0 21 0 0 71 15 23 75 11 20 71 0 0 0 77 35 48 22 38 58 58 78 19 54 0 0 57 0 79 21 14 84 38 2 0 0 33 83 83 82 55 0 0 85 66 0 0 34 76 0 65 38 71
5 19 16 10 14 19 2 2 0 21 19 1 20 13 0 0 2 9 10 19 0
39 27 0 30 39 0 10 0 35 35 21 27 45 0 50 50 21 50 38 47 37 15 43 6 20 0 0 41 27 20 0 0 4 49 25 3 42 1 0 0 0 0 21 2 0 15 24 10 52 36 1 20
15 0 13 6 6 14 11 3 14 23 20 0 33 0 11 18 0 16 30 34 17 2 25 0 0 15 4 27 0 34 0 33 28 22 8 5 30
0 36 0 51 0 83 85 44 0 88 0 35 57 85 80 83 59 65 25 0 0 44 60 0 20 83 0 68 5 4 0 0 0 35 66 7 71 22 35 47 0 66 44 16 53 90 0 64 36 13 79 16 30 0 20 40 48 87 0 87 64 43 7 7 45 39 79 17 76 66 10 0 41 31 86 63 66 87 55 0 46 48 90 65 0 89 7 77 51 0
50 0 0 52 52 20 46 52 34 26 28 0 53 0 40 0 0 37 52 31 51 33 0 11 0 43 6 0 31 0 36 36 43 38 3 0 15 21 15 18 0 1 18 0 5 48 17 51 9 0 0 0 11
11 0 28 23 47 35 0 46 43 33 49 0 36 56 0 29 0 54 20 45 24 0 20 0 40 0 21 3 0 27 46 33 56 51 23 5 3 26 16 11 12 20 39 0 51 0 24 0 8 1 40 1 2 15 41 4
4 3 4 0 0 4
0 0 6 0 0 0 0 0 0 20 0 0 21 16 33 0 0 19 0 1 14 24 15 35 16 19 0 27 9 5 4 18 11 25 0
35 47 16 20 48 1 0 13 0 43 24 0 33 17 32 40 7 26 0 0 6 0 16 43 48 0 35 0 0 0 46 15 17 8 13 28 21 0 0 16 48 14 0 1 5 8 45 12 38
0 66 0 25 75 55 39 29 2 48 26 47 0 55 0 30 58 45 43 4 31 71 0 72 0 19 0 58 0 0 0 74 80 0 0 0 17 9 61 22 17 28 73 62 41 11 63 52 53 3 33 16 0 73 0 6 62 8 34 0 28 11 18 69 20 49 0 42 0 2 0 3 0 41 79 0 16 0 0 20
0 0 23 0 0 20 0 0 27 0 15 0 29 17 13 28 14 33 3 28 1 0 2 3 3 11 23 14 7 0 1 20 0
36 35 13 6 36 0 24 52 0 43 0 0 35 0 41 5 0 52 11 18 0 0 59 61 34 0 4 11 0 0 23 0 0 0 0 18 52 0 57 30 0 10 60 0 0 14 35 55 12 0 14 7 0 9 8 36 49 0 9 31 0 32 49 12
0 0 48 26 41 33 45 13 51 0 47 25 28 17 29 20 37 38 0 0 2 47 0 22 4 34 0 47 0 0 0 23 4 24 12 10 10 27 26 0 0 0 32 18 0 38 0 1 1 17 17 38 31 49 16
18 33 16 2 34 29 35 0 5 9 0 10 0 0 2 0 25 15 18 17 20 37 37 32 0 38 28 33 0 14 27 38 0 38 3 0 0 27 18 18 0 27 37
20 32 7 0 0 32 57 68 13 18 53 59 7 64 4 0 22 0 29 21 58 33 4 28 15 19 59 14 22 43 70 34 8 0 0 0 0 30 50 15 26 24 0 17 22 33 67 0 41 7 31 21 47 43 0 0 66 64 49 2 1 49 7 58 21 46 48 0 42 21 57
0 57 0 0 19 0 67 0 27 18 12 20 48 0 0 0 58 12 1 27 0 23 68 32 56 31 20 53 20 80 40 53 0 29 55 37 42 49 65 0 50 54 71 7 68 17 59 3 19 69 19 74 68 18 18 0 0 29 42 20 8 43 32 0 19 43 18 0 37 0 0 0 44 56 27 45 70 69 0 0
0 0 27 24 9 7 26 0 29 20 5 2 28 24 26 10 22 30 22 29 24 1 19 0 7 17 29 6 0 19
93 97 0 61 0 37 60 90 0 14 0 0 79 18 0 0 37 0 0 30 12 12 9 0 88 70 73 87 52 1 1 3 98 2 0 79 10 76 47 53 0 23 7 0 35 92 85 0 65 0 0 96 0 82 15 0 27 33 41 96 0 0 42 0 49 0 40 86 97 72 87 22 0 0 48 10 0 68 41 49 0 8 18 7 88 89 34 37 76 93 0 53 81 0 86 0 35 61
0 7 4 21 0 0 16 3 0 5 3 1 3 0 23 20 14 0 13 0 12 0 12 10 17
41 30 0 12 26 29 0 7 30 26 2 0 20 0 31 29 38 0 0 1 1 7 21 31 14 0 0 19 0 4 18 0 4 48 36 45 24 7 1 26 0 43 22 0 42 10 0 44
17 5 13 0 13 0 3 0 0 19 8 20 0 7 19 13 2 19 0 15 13 7 20 0 0 15 12
5 5 2 3 6 0 0
3 16 1 0 20 0 0 13 5 24 6 14 4 0 8 0 0 0 24 0 0 6 19 14 6 0 0 7 11 8
55 0 0 37 16 32 0 6 16 49 0 61 76 10 54 50 62 6 52 5 0 0 4 62 37 73 74 0 48 71 14 39 24 3 21 62 70 0 27 38 43 5 0 0 36 68 24 0 0 58 35 32 71 67 6 52 22 6 26 1 74 27 3 75 0 37 71 18 43 40 59 10 57 24 31 0
37 28 0 0 44 23 42 42 33 2 0 0 0 10 47 22 0 57 29 15 36 6 40 0 45 0 0 0 16 49 13 9 0 4 0 0 11 37 55 50 0 32 0 60 41 0 12 18 21 30 0 8 22 1 21 0 42 33 21 4
16 0 0 10 24 10 4 28 20 5 18 10 20 0 14 9 13 12 0 16 0 24 3 27 8 0 5 19
0 36 2 0 18 16 32 0 0 7 3 29 0 7 23 15 32 0 2 9 0 6 3 14 11 0 24 0 0 28 27 0 12 0 0 31
53 0 0 36 4 0 9 72 56 0 32 32 0 62 24 57 69 0 0 0 52 0 66 19 52 14 0 0 26 40 50 0 0 65 3 18 40 57 0 0 0 0 22 30 0 47 3 3 4 54 24 60 65 3 34 0 40 0 7 0 0 66 39 0 26 0 0 62 51 0 14 29 63 10 8
0 14 5 0 0 13 5 9 0 0 0 19 5 6 3 14 0 0 4 2
90 57 39 41 69 37 15 48 43 0 80 31 0 19 30 88 21 86 5 0 30 15 68 74 24 37 0 0 0 17 44 33 28 27 27 62 35 0 0 0 64 40 61 29 79 45 93 0 91 0 86 9 1 2 21 79 0 0 0 12 4 4 0 14 22 73 81 34 26 54 15 0 53 1 0 71 93 76 41 0 35 0 42 27 45 0 53 72 85 0 0 74 0 0
17 28 35 0 8 46 9 10 16 0 7 18 0 30 69 69 33 51 0 56 77 55 2 0 21 34 7 26 66 16 68 37 56 0 75 0 65 0 0 0 0 46 12 37 20 0 54 33 0 82 12 48 68 32 44 1 20 61 26 77 21 6 62 45 14 74 43 0 26 0 62 21 2 23 74 0 66 82 5 5 40 44 37 12
0 16 0 20 19 2 12 0 17 7 1 0 9 5 20 0 16 11 0 6
24 0 26 22 17 15 18 16 18 0 0 0 1 3 7 24 25 14 8 1 3 21 0 14 0 0 0 27
13 0 23 3 0 8 22 0 0 29 0 8 0 10 4 24 18 27 22 21 0 10 0 0 18 0 0 9 0
20 64 51 0 20 46 0 5 55 28 17 0 0 3 30 0 16 0 66 6 25 43 45 39 61 0 13 0 16 64 0 10 1 0 12 0 55 0 28 42 10 33 16 62 70 0 0 0 15 45 55 61 34 24 20 62 23 28 21 52 52 0 0 30 4 46 0 0 0 1 54 0
0 0 1
