15 15 24 61 38 17 29 17 43 4 36 48 42 25 31 3 15 58 17 0 19 57 21 26 10 56 28 4 21 37 38 31 34 4 37 39 35 16 23 15 17 16 21 27 14 31 38 8 17 1 53 48 42 22 30 26 21 63 40 44 40 1 0 13 7 56 20 56 38 49 25 21 20 62 7 63 49 47 63 58 16 12 0 43 7 15 12 43 2 38 15 43 15 4 39 7 50 53 63 61 4 50 4 12 59 39 31 20 57 13 15 12 39 49 8 6 62 18 35 39 39 2 30 36 6 24 3 59 34 58 22 38 47 17 57 59 36 21 2 20 41 21 16 22 22 12 63 55 27 47 28 53 46 43 38 13 44 60 38 42 62 7 1 12 28 36 28 21 53 27 28 59 20 31 3 5 29 49 48 35 60 37 50 51 8 18 28 60 58 25 17 38 5 16 22 62 9 21 16 62 2 56 31 53 53 13 18 52 35 56 33 29 19 40 13 32 5 51 3 55 52 56 37 7 59 49 62 22 10 48 26 7 33 30 42 40 7 38 9 7 12 46 52 12 47 45 19 2 48 49 47 5 25 59 56 60 48 0 15 27 41 58 9 10 0 29 41 3 14 47 41 36 53 61 21 22 28 0 24 53 37 57 28 47 53 43 18 39 29 10 4 28 12 57 38 57 3 14 57 32
47 7 54 3 34 63 3 35 17 8 62 8 28 53 33 59 9 46 6 61 30 41 9 29 27 54 10 57 25 43 8 40 14 50 45 29 3 20 14 22 28 8 1 51 36 43 39 44 3 47 59 19 62 21 44 37 13 49 3 34 16 41 61 49 49 7 44 27 36 26 37 59 26 11 13 45 13 49 7 54 22 13 45 60 45 11 44 56 54 28 17 26 7 30 28 14 60 46 7 39 4 20 12 59 8 35 37 46 57 24 52 11 7 37 31 36 12 43 61 47 41 45 18 22 11 40 17 7 30 7 18 50 13 30 37 41 14 29 42
13 5 28 51 26 49 29 9 49 56 20 2 50 33 21 55 11 2 53 18 17 49 1 14 60 20 20 56 35 59 18 3 18 56 9 33 5 36 39 41 51 34 49 5 16 49 58 14 63 57 35 10 60 38 32 8 55 45 24 38 26 13 50 45 11 34 54 52 42 7 27 29 30 8 33 47 15 17 7 6 32 4 50 35 61 23 6 35 46 6 23 7 11 42 43 35 20 7 39 31 20 2 40 16 9 5 51 8 13 9 45 50 49 13 8 46 32 54 29 42 12 51 46 49 24
3 29 2 41 58 27 1 59 63 56 46 24 24 39 59 51 37 0 21 38 61 49 59 8 8 2 40 60 59 49 8 30 44 3 16 43 21 8 29 18 42 59 45 37 22 1 7 56 26 19 51 2 30 2 24 23 27 59 22 33 1 13 14 21 55 48 4 53 51 47 58 47 62 56 46 48 6 1 11 26 30 60 28 45 35 1 54 57 32 37 37 61 1 35 10 15 8 11 61 25 24 48 58 34 6 1 51 24 9 31 16 31 1 27 32 20 23 56 35 21 39 41 14 30 35 46 11 17 58 0 1 44 56 3 1 10 18 15 48 35 59 63 62 43 34 61 13 15 51 8 54 26 16 51 26 17 61 34 39 50
15 39 8 49 28 29 37 27 47 50 44 58 30 39 47 27 1 40 31 40 17 46 55 14 48 52 12 32 45 11 32 49 47 28 31 21 39 46 38 37 28 1 51 15 8 63 7 4 25 49 59 24 55 38 42 11 39 49 16 45 35 10 36 59 7 56 49 10 30 51 23 21 18 27 58 22 32 45 19 60 23 10 41 29 33 1 0 44 20 8 61 41 31 58 61 59 57 28 28 1 44 48 44 38 0 47 37 19 52 53 46 41 19 35 30 17 39 1 10 53 27 55 48 57 18 4 7 15 57 10 61 58 27 19 1 48 17 8 15 53 25 25 12 41 20 15 11 49 61 35 26 43 58 37 38 47 58 2 52 32 48 3 51 43 4 34 53 43 3 17 50 48 1 54 9 49 49 6 58 59 29 23 33 13 60 38 38 12 19 25 15 24 23 27 6 16 19 39 18 58 4 34 17 43 11 62 13 29 19 0 7 7 15 19 18 50 57 35 11 4 42 60 18 1 48 55 51 10 21 26
49 17 50 11 24 1 49 51 27 22 14 52 44 55 21 25 19 12 55 6 21 0 11 40 14 30 4 46 47 25 27 48 24 39 15 1 5 13 54 27 34 55 1 7 33 38 8 5 48 1 23 35 10 53 16 21 55 13 10 47 32 36 34 45 37 14 22 44 62 0 51 5 30 48 56 16 23 45 23 12 1 32 21 47 57 7 35 28 35 30 29 44 33 2 30 14 14 22 35 19 62 50 56 43 16 35 15 14 32 17 12 3 25 57 55 26 0 31 30 41 29 19 54 14 42 20 9 29 18 13 22 0 23 45 11 32 5 40 5 59 5 45 14 9 62 32 51 49 53 5 20 2 59 38 56 9 13 18 59 28
39 55 38 34 8 36 3 5 1 6 15 0 21 5 39 35 27 56 37 0 29 16 29 16 26 14 28 46 55 37 50 40 22 43 52 39 57 48 56 51 52 49 15 7 43 4 16 47 20 27 17 31 44 32 2 0 35 23 46 5 40 62 51 29 11 60 49 44 51 39 51 37 62 5 40 26 41 7 11 39 36 24 37 46 32 19 18 10 56 36 2 47 59 42 27 54 57 27 3 45 34 22 62 30 47 29 21 7 42 39 30 17 15 5 6 4 30 24 12 25 11 27 50 13 58 54 11 25 47 0 25 38 43 11 25 4 12 61 32 0 25 41 21 44 51 26 23 25 25 22 35 18 40 60 24 5 36 38 48 10 24 59 9 38 14 8 22 23 33 57 48 1 28 37 39 43 39 17 4 31 44 35 50 5 0 46 58 2 8 45 15 0 9 50 15 43 23 17 34 18 10 28 21 3 7 8 22 5 63 18 7 41 40 33 6 0 3 63 11 29 52 28 53 46 30 55 51 30 19 28
3 43 58 0 34 60 27 37 41 14 63 32 27 57 1 37 33 2 23 52 13 61 13 40 56 48 48 18 33 1 12 11 42 46 36 7 55 58 0 18 18 25 59 35 27 44 58 61 30 21 31 29 22 37 52 19 23 43 5 2 48 21 17 44 35 52 38 24 32 36 27 15 4 18 40 19 8 63 9 52 12 20 44 15 51 43 4 28 37 57 33 11 35 24 12 2 62 31 35 5 56 57 10 2 35 51 59 58 61 31 60 63 61 61 40 0 10 26 33 17 25 48 59 17 43 50 27 53 50 56 48 16 55 36 36 17 60 13 60
9 37 46 63 48 3 45 1 57 40 52 0 26 25 15 51 35 24 59 0 9 53 27 4 26 6 48 60 37 7 18 54 44 11 50 63 7 26 57 24 58 23 15 27 14 17 17 20 10 37 11 44 52 0 32 59 1 9 50 29 23 33 58 1 39 4 34 47 37 55 7 33 8 28 40 56 50 43 7 48 26 32 49 38 35 63 6 50 51 32 9 51 1 41 60 44 59 4 37 19 54 32 43 3 35 39 37 36 28 53 12 33 59 27 9 12 18 49 8 1 49 18 62 32 36 43 39 27 26 61 14 15 5 47 41 4 61 59 30 16 53 3 40 46 16 10 59 13 45 52 1 14 26 0 30 31 25 36 31 28
53 15 28 14 16 52 11 19 23 6 3 46 11 57 53 27 61 18 39 0 25 32 19 2 30 6 4 56 15 9 54 18 34 49 8 3 3 12 24 1 48 53 35 37 21 56 62 51 8 29 7 42 20 57 1 41 43 3 58 46 43 14 1 27 55 15 20 58 55 60 49 39 46 28 50 16 49 39 59 34 39 4 57 41 54 35 10 46 8 34 62 57 31 14 17 20 11 51 39 39 20 40 8 20 23 25 19 43 56 27 20 9 3 41 32 50 42 0 10 41 5 56 58 22 53 31 33 43 31 48 49 16 25 45 7 41 2 42 23 10 5 49 8 15 0 52 49 35 25 26 40 53 31 33 61 15 6 6 10 42 35 29 13 26 9 32 54 37 26 37 49 6 13 6
61 39 36 51 56 29 21 23 15 44 40 10 48 1 35 61 5 2 15 20 37 12 11 10 6 54 50 4 13 9 10 42 42 49 60 35 21 62 11 42 44 43 37 51 52 9 19 60 8 5 11 2 60 44 36 23 11 43 14 1 51 45 12 1 35 10 50 13 45 49 31 37 24 52 8 4 32 1 53 28 23 52 15 56 45 29 46 26 14 18 53 3 35 22 19 33 21 10 43 19 52 34 19 39 27 15 21 42 42 26 56 43 33 47 58 53 7 29 56 15 47 4 62 60 56 14 49 45 38 24 34 19 2 5 55 6 52 56 2 1 43 61 42 59 37 39 0 17 33 53 49 56 48 59 25 17 56 16 42 62 59 29 23 16 13 34 27 43 4 9 38 42 24 54 2 47 19 29 44 57 56 12 61 11 4 7 50 52 29 39 31 46 31 59 59 12 51 31 24 52 3 49 59 51 3 26 39 30 47 29 13 3 62 14 58 32 31 29 27 56 19 46 52 14 46 37 55 32 33 28
21 11 14 38 46 36 17 13 57 52 35 30 29 61 21 21 47 28 49 44 11 19 1 60 18 20 18 10 33 45 60 8 3 4 42 13 17 14 47 60 30 53 57 49 6 26 42 36 25 41 39 32 9 1 44 19 26 49 46 12 16 42 26 11 45 19 58 52 3 61 37 33 50 28 36 6 55 19 17 42 53 32 43 8 45 17 10 2 24 42 17 5 9 62 10 52 48 52 49 17 54 63 38 37 31 45 59 62 2 22 12 17 37 55 63 10 47 12 45 15 19 26 8 30 58 46 21 7 57 48 15 37 27 61 1 52 60 42 14 31 45 19 47 32 4 39 61 61 1 35 8 42 44 60 19 35 54 14 40 0 29 61 27 42 32 13 38 36 3 15 40 56 20 12 47 25 51 54 41 0 28 21 12 57 63 40 43 50
25 1 56 47 48 11 43 25 9 18 4 16 6 1 1 57 41 52 11 16 1 17 7 24 34 22 4 24 25 25 28 47 16 34 41 17 59 14 15 49 51 24 19 53 6 51 2 18 17 7 33 30 0 30 4 18 7 45 8 2 18 21 54 27 29 18 26 4 14 7 61 39 16 46 27 33 11 55 29 8 52 0 22 61 61 43 28 39 14 40 25 3 7 40 31 43 28 19 17 1 2 34 50 16 21 35 7 34 19 25 33 6 9 31 18 20 60 8 27 28 39 63 32 5 22
37 7 38 45 10 53 25 35 49 12 38 4 56 31 45 15 45 52 35 58 45 0 21 0 40 14 16 6 53 51 1 48 40 55 9 43 35 47 18 39 4 1 11 29 25 12 54 35 18 53 59 15 12 11 28 31 7 17 56 19 30 52 36 30 37 42 26 26 30 18 47 11 4 38 58 36 27 15 11 10 55 10 59 43 39 55 55 14 11 44 3 39 53 16 14 48 62 42 7 49 61 60 48 30 62 59 25 36 46 7 24 45 61 53 28 4 61 43 45 1 61 48 58 50 56 45 5 23 38 53 13 21 36 15 43 44 40 9 33 11 54 29 36 12 8 4 30 59 1 19 38 48 32 10 39 59 47 42 38 43 48 23 11 0 53 62 50 51 59 49 54 31 27 15 22 61 43 41 44 62 55 47 13 63 0 49 12 28 61 33 39 11 38 8 46 44 32 2 51 42 19 10
51 31 18 28 58 32 61 61 33 18 31 50 19 59 1 49 17 52 15 56 7 40 49 14 26 26 60 6 11 13 28 31 7 22 1 57 25 38 58 31 12 49 1 7 60 9 61 16 31 19 3 58 22 1 18 17 39 11 44 32 13 45 5 43 33 6 26 60 58 27 3 55 40 25 57 21 62 43 27 26 42 23 17 49 28 39 60 46 56 28 36 23 3 29 12 28 20 46 1 9 47 26 60 11 14 31 43 36 59 0 58 17 31 19 18 51 53 3 54 3 15 63 10 10 43 25 55 35 42 27 56 34 43 57 37 53 28 48 12 56 60 48 23 40 51 12
29 29 28 13 6 25 11 9 5 14 36 4 38 61 41 47 19 46 33 14 9 29 27 22 50 22 20 28 21 23 31 58 53 4 14 33 39 49 22 11 16 19 7 35 18 2 57 30 40 33 39 57 34 59 2 55 35 39 0 33 8 52 38 40 57 38 6 50 2 52 15 9 26 44 20 8 27 53 9 38 7 14 7 45 47 41 35 56 15 24 7 40 9 14 4 34 18 54 17 11 44 61 22 9 29 49 63 38 38 10 22 27 39 41 60 41 24 33 49 57 23 45 48 35 18 21 44 28 49 22 61 54
37 39 0 3 20 19 3 7 43 0 34 62 26 33 59 21 1 58 29 38 25 25 9 50 58 32 22 20 55 45 23 24 54 27 27 63 53 1 16 5 34 29 33 41 61 40 30 25 14 21 7 1 16 17 30 53 33 17 46 53 16 12 18 62 29 12 22 36 36 32 57 29 32 18 56 50 9 27 19 48 13 22 51 49 51 59 41 14 13 34 51 5 35 48 30 58 52 24 61 9 51 24 33 52 14 21 41 44 51 19 11 5 55 21 46 31 13 12 20 57 19 46 8 13 32 43 49 39 23 62 34 33 26 59 35 48 10 30 42 25 61 61 14 45 61 31 56 46 62 3 2 41 48
1 23 44 35 24 1 39 19 45 46 4 24 26 61 25 9 9 36 7 50 55 4 3 30 26 28 24 0 33 3 12 12 62 57 56 19 43 18 61 58 22 51 45 11 2 39 31 0 8 31 45 28 2 58 26 21 17 11 16 39 13 21 50 63 45 8 26 15 11 43 41 43 62 28 16 28 62 53 63 50 24 58 62 3 19 41 60 39 40 31 3 7 13 11 42 51 0 49 59 25 26 58 36 0 24 49 15 45 12 16 58 48 39 59 34 15 23 52 4 25 21 34 31 6 4 35 1 55 6 19 45 21 38 49 7 42 32 28 62 14 47 7 7 0 12 50 34 25 17 18 61 21 58 16 1 49 18 42 48 56 27 55 39 56 57 19 39 34 10 62 35 44 53 18
15 17 30 34 38 36 19 27 53 10 23 22 41 19 11 39 11 46 5 12 27 46 43 4 8 24 8 32 27 39 26 11 14 14 36 39 7 20 38 30 60 61 19 53 51 12 42 39 28 25 37 1 50 33 54 61 41 27 49 62 18 31 23 8 51 44 16 40 40 4 31 35 48 34 62 47 30 21 5 62 48 60 52 53 49 3 26 48 53 1 27 33 35 28 8 22 14 3 51 27 52 51 40 46 37 45 61 58 33 1 6 25 63 13 56 52 20 4 1 59 47 42 55 61 27 30 47 39 38 48 36 56 5 16 4 25 44 13 6
1 51 18 42 42 0 39 51 55 52 61 56 35 57 59 49 13 22 13 44 63 11 43 56 52 46 42 62 3 63 36 43 18 15 47 33 7 24 22 8 26 53 53 63 19 22 61 50 3 27 17 20 50 48 34 50 37 61 47 42 60 57 49 11 37 3 58 13 40 17 33 39 33 2 52 59 0 59 11 13 18 29 32 37 45 55 34 45 6 24 4 33 43 50 16 0 40 46 41 55 30 1 43 34 51 39 45 38 44 52 40 43 11 47 16 3 8 55 16 33 23 11 60 43 48 57 38 58 13 62 7 54
1 57 40 12 30 10 43 9 27 36 29 54 7 39 61 63 51 62 15 40 41 36 37 52 34 2 48 54 1 19 8 43 39 44 39 9 61 62 26 34 36 1 15 35 34 53 54 15 40 31 1 11 32 29 22 47 10 6 3 30 63 56
21 47 4 59 50 37 23 17 49 28 2 6 10 51 17 47 15 12 5 14 11 63 43 4 40 22 62 24 7 61 59 16 38 17 45 43 35 55 6 38 29 60 41 33 4 11 50 26 55 27 11 0 47 21 60 9 19 7 13 20 48 22 32 59 41 17 44 35 26 33 3 49 14 9 55 7 10 13 29 46 30 45 3 19 33 35 6 10 22 46 8 9 39 4 57 26 25 39 5 51 42 50 0 0 17 19 49 4 25 30 43 27 11 39 40 53 44 62 55 47 37 14 41 20 57 27 61 15 49 50 41 42 25 4 4 3 30 7 28
27 41 0 33 14 1 25 45 11 46 8 6 38 43 19 61 49 52 59 18 49 25 53 58 28 8 36 18 5 9 7 12 28 31 1 45 29 31 2 25 50 27 17 57 1 32 36 31 52 31 41 45 32 13 20 57 33 19 10 51 22 20 30 27 41 2 16 48 54 58 49 5 18 50 28 34 47 25 15 0 27 14 19 1 61 29 29 44 43 24 25 1 47 58 20 38 8 52 29 59 48 38 58 55 4 45 1 18 38 5 44 5 1 61 16 55 46 13 25 37 9 50 50 55 44 3 21 7 45 2 50 45 54 17 11 12 39 2 49 4 59 3 4 32 8 44 53 60 31 21 24 55 48
5 11 36 54 26 60 55 33 57 26 37 28 61 59 25 31 35 46 23 42 13 7 3 62 2 16 6 40 7 45 40 14 60 15 46 9 17 44 62 63 48 51 35 33 58 19 38 9 37 15 49 22 54 35 10 31 33 45 3 58 52 49 20 37 55 38 51 46 29 48 57 5 46 44 16 30 55 23 31 26 6 50 12 36 19 19 14 19 10 19 11 45 35 8 34 14 16 1 39 27 13 62 55 62 37 52 45 22 54 58 60 32 41 47 42 2 55 41 51 53 53 58 0 38 40 13 3 63 10 35 51 3 16 59 61 48 44 31 63 1 53 41 20 20 5 57 9 11 15 1 14 9 44 11 51 13 38 34 60 2 6 13 53 14 2 22 34 59 1 29 54 51 22 3 53 5 61 5 4 37 24 45 14 58 1 12 19 54
45 13 20 59 28 21 15 3 47 38 32 0 46 9 63 23 23 20 3 50 5 4 61 28 30 4 20 42 47 59 46 61 34 46 51 37 5 4 51 3 47 60 1 35 30 13 8 8 27 8 3 14 12 14 34 8 13 55 42 58 26 13 46 37 63 30 12 50 30 37 57 17 42 30 29 51 57 5 29 28 12 28 32 19 21 41 32 7 38 42 35 15 31 12 57 47 24 37 9 25 62 48 24 4 5 43 53 0 25 21 1 10 57 41 0 2 56 10 37 24 40 7 22 59 20
49 1 40 34 54 2 25 5 49 54 51 32 55 1 17 11 49 0 23 26 59 33 33 34 30 30 50 2 21 23 50 21 40 39 25 17 9 14 20 54 46 25 27 47 49 0 61 22 29 62 33 34 32 28 38 24 9 45 39 50 26 43 61 51 19 35 14 61 24 25 45 51 23 16 56 19 50 5 49 57 40 59 54 27 47 51 62 51 52 26 20 40 59 58 2 4 44 22 7 21 62 9 3 24 13 17 49 4 0 13 58 25 5 5 14 29 23 37 8 11 15 28 24 15 5 39 39 49 60 3 56 24 40 41 11 6 3 9 41 17 41 11 19 28 48 7 6 15 33 26 53 21 10 63 13 13 62 46 4 48 37 25 53 15 40 13 36 2 39 53 34 31 14 10 55 21 7 32 18 44 8 42 9 37 34 9 36 2 2 3 33 41 54 37 26 25 31 39 48 9 48 3 57 59 19 3 52 51 12 37 61 47 36 17 57 20 59 34 56 3 18 5 38
27 11 62 1 10 37 21 47 21 34 48 43 8 17 11 9 22 46 26 35 36 21 49 36 41 26 42 41 21 37 54 1 28 37 44 39 19 14 28 44 26 9 61 11 20 3 2 43 61 51 25 13 10 20 57 25 45 7 40 48 36 62 39 7 15 38 13 3 49 10 13 41 36 38 60 46 19 25 57 8 12 38 8 39 41 33 56 13 7 15 44 1 43 20 5 41 38 13 39 19 21 8 21 48 63 41 5 60 56 40 48 30 49 45 30 29 15 42 37 39 25 28 34 49 8 35 47 11 48 7 33 39 4 25 33 35 19 6 24 55 55 7 52 42 7 38 9 43 33 39 34 22 34 60 21 1 10 24 13 44 61 15 19 26 17 61 28 26 25 19 32 50 43 32 41 33 47 34 43 60 37 59 1 39 42 48 8 54 11 19 41 6 3 15 15 42 25 35 36 59 3 21 54 5 23 45 33 54 50 13 53 39 10 60 40 58 51 16 52 43 8 37 50
7 23 52 0 18 42 11 55 39 28 53 22 27 7 51 25 39 28 49 8 11 27 17 4 18 56 42 20 43 47 32 63 52 13 59 37 11 0 4 56 2 37 35 1 3 60 55 20 55 53 43 18 28 42 16 46 49 61 15 0 24 33 25 25 43 7 40 43 2 57 47 37 17 58 38 43 10 15 31 5 32 45 50 11 51 25 18 5 20 32 32 44 31 52 42 52 40 28 13 63 50 48 4 37 20 55 55 32 50 29 10 15 21 47 49 6 44 41 50 27 33 14 30 13 60 20 47 57 28 25 36 32 43 1 41 27 50 46 3 17 51 37 20 29 2 2 27 15 47 61 18 42 36 12 53 37 26 25 51 46 48 17 3 40 55 38 20 25 55 63 28 43 9 37 36 46 34 25 48 1 2
53 19 62 17 0 39 19 35 13 14 62 8 30 7 17 15 47 60 23 14 27 7 15 24 34 58 24 36 9 61 48 35 35 18 37 21 3 12 44 53 62 43 1 13 4 25 3 23 14 29 3 33 1 56 44 47 5 7 22 41 29 49 33 53 47 0 41 35 11 32 17 3 35 8 1 0 0 45 31 6 53 17 35 37 45 1 12 11 50 56 34 7 37 4 49 14 1 23 41 53 6 40 48 2 15 21 39 2 53 11 63 34 16 53 10 26 38 62 58 25 59 1 61 48 26 33 31 53 44 14 34 4 9 59 27 36 51 21 7 18 1 25 40 24 27 5 61 29 29 8 16 10 46 36 47 15 14 51 49 34 32 19 37 14 10 40 56 61 33 25 6 17 36 20 59 21 21 36 29 1 45 0 42 59 37 30 15 24
41 23 24 36 56 10 63 45 19 14 21 44 1 23 9 17 33 8 15 40 3 15 49 10 16 4 44 58 15 33 50 39 54 26 22 19 63 56 8 58 22 37 5 33 31 30 26 3 46 15 35 59 12 13 20 15 49 23 41 16 4 41 37 44 31 0 4 32 42 6 11 53 54 16 62 1 46 45 47 42 36 60 28 55 61 5 62 42 7 13 35 37 11 10 4 36 16 51 43 5 36 11 34 60 61 25 51 56 49 29 6 11 29 5 50 24 6 0 33 15 37 44 61 33 17 26 29 1 50 54 32 14 3 30 21 11 38 63 2
9 33 2 37 18 51 39 21 45 28 56 10 30 57 17 5 13 60 41 4 13 16 47 28 42 40 30 12 45 9 12 16 20 61 28 23 13 26 3 48 54 33 23 55 14 15 19 50 4 17 9 52 36 0 24 61 47 61 24 15 9 53 32 21 5 20 36 21 31 55 27 49 32 40 54 10 54 1 53 29 2 31 12 48 23 59 39 34 33 38 47 3 23 58 25 46 62 36 61 23 44 24 0 32 63 39 25 52 39 11 37 16 39 61 60 24 54 34 20 35 53 43 0 60 45 9 35 59 10 56 24 58 25 59 41 14 17 31 1 56 1 45 18 58 37 57 7 17 13 22 16 26 52 51 3 21 21 34 59 34 4 24 19 14 48 8 24 20 29 53 14 34 39 0 8 39 53 56 8 59 8 31 5 61 62 17 34 25 1 15 41 10 22 46 22 13 1 41 1 46 9 62 48 2 30 19 50 47 0
39 17 62 49 28 49 25 47 33 12 26 12 30 13 61 19 41 0 31 54 7 0 57 26 14 6 28 4 29 43 13 50 16 41 35 63 11 54 4 31 0 63 33 45 14 1 33 11 30 27 61 0 48 39 4 56 61 13 56 3 60 54 51 29 43 49 4 6 59 14 15 5 14 1 34 54 45 9 5 56 26 26 18 58 29 41 62 27 13 42 33 31 51 56 30 11 36 43 25 39 60 15 29 40 35 5 51 44 14 58 20 15 5 51 56 59 29 33 54 57 61 0 12 17 57 9 27 1 30 14 23 45 57 19 57 56 5 46 14 13 57 39 20 53 21 32 12 1 29 46 53 35 51 8 23 51 33 53 16 28 19 7 1 34 18 50 62 25 30 39 54 4 62 44 16 37 13 14 34 59 58 22 21 15 14 28 3 44 27 29 61 8 21 57 37 20 57 29 54 22 7 7 57 61 33 12 60 18 16 33 33 57 30 17 15 29 8 28 27 54 0 6 50 42 23 59 13 24 32 22 20 15 47 12 34 1 60 15 3 47 2 1 15 1 54 43 51 30 26 19 3 59 55 3 56 54 39 12 45 55 5 15 56 14 3 58 57 11 18 6 20 22 11 29 17 33 50 52 39 13 61 63 56 0 56 28 2 57 13 35 58 42 31 17 31 15 37 38 1 18 19 49 17 18 6 42 6 1 39 53 37 60 14 51 36 57 29 18 8 36 22 39 7 43 28 22 24 20 16 29 15 23 34 7 60 24 39 35 32 25 12 20 29 39 45 18 28 56 6 27 21 61 45 46 62 56 16 29 21 50 12 28 20 60 35 19 5 50 42 57 7 33 29 58 60 28 24 61 15 45 24 22 40 0 7 37 13 55 24 55 18 4 48 26 7 48 55 48
7 45 36 33 58 15 49 1 49 14 36 50 34 21 35 51 29 14 19 4 27 41 21 50 54 36 60 26 3 29 8 18 46 9 22 1 21 12 51 14 12 15 25 15 34 25 37 62 0 35 39 22 0 22 36 13 9 21 56 49 37 5 10 17 59 50 36 7 57 13 48 49 62 20 12 20 18 21 51 56 55 48 51 51 5 25 50 20 24 0 51 1 1 23 22 11 50 41 9 5 16 48 0 32 42 35 25 49 52 22 21 7 61 7 1 24 57 62 29 19 53 54 51 56 39 41 19 57 34 14 24 52 37 61 25 16 6 14 6 24 51 55 16 8 49 10 6 39 15 8 30 38 6 3 61 51 34 21 51 50 21 1 5 44 0 22 62 31 1 1 14 49 26 40 41 0 61 7 62 47 40
11 51 24 23 56 21 37 9 43 40 52 56 8 47 1 43 47 14 57 24 19 25 23 52 30 44 16 34 51 5 4 22 22 60 9 21 21 58 19 54 17 46 57 1 52 24 6 62 3 37 43 0 59 0 7 21 29 39 40 20 48 10 60 3 7 20 60 16 36 1 41 15 58 21 58 1 13 61 47 59 60 53 40 9 4 9 28 8 10 46 58 11 7 33 4 30 39 59 7 31 52 4 43 16 41 1 35 1 16 53 38 4 47 3 0 37 40 18 11 25 55 28 4 40 58 41 13 31 49 50 2 26 8 4 57 46 46 10 46 28 51 25 10 35 50 16 12 43 25 34 12 2 52 33 37 49 61 48 16 9 60 55 19 34 25 56 42 41 12 37 22 2 60 16 48 31 11 8 18 40 23 52 37 9 12 56 17 50 9 19 5 23 24 0 39 26 13 13 7 34 7 52 0 59 11 4 57 22 26 17 19 3 46 9 0 61 63 37 25 2 26 36 60 61 15 3 60 5 56 10 31 20 13 3 22 13 38
33 33 40 40 8 16 5 25 61 8 21 22 1 15 19 23 49 48 25 50 43 29 33 8 18 36 58 34 45 33 32 3 56 14 32 49 39 44 22 48 2 45 17 17 1 22 28 41 38 11 3 33 48 3 48 9 41 23 7 50 8 1 5 48 55 44 56 4 14 34 59 19 46 58 8 1 48 21 29 14 60 40 56 41 49 53 60 60 51 25 23 57 9 56 22 52 2 21 19 19 22 15 0 40 3 57 3 22 61 13 54 3 41 47 16 16 20 62 47 3 13 56 11 17 25 2 37 3 0 28 30 8 39 30 58 9 26 45 4
53 21 56 6 12 50 9 49 17 30 53 24 41 13 57 9 33 10 13 56 29 30 37 58 62 8 16 12 61 53 8 57 14 43 27 33 41 6 26 48 2 39 19 9 59 6 63 46 41 38 45 12 22 40 12 4 55 31 43 60 32 17 11 35 55 3 26 31 6 9 49 15 17 12 38 29 38 1 37 5 42 37 4 59 23 49 12 41 22 34 58 47 57 20 18 8 10 50 43 1 0 5 49 46 59 57 5 28 2 23 14 43 21 19 2 9 61 40 5 1 61 12 34 46 57 48 19 29 52 18 26 22 13 57 29 28 57 37 57 4 55 31 46 2 59 11 53 3 39 27 34 47 28 11 23 31 62 45 39 43 6 36 7 57 8 25 6
43 49 32 44 42 2 57 47 45 6 33 8 51 21 31 13 7 30 55 18 47 27 41 22 32 12 60 50 39 3 42 59 31 24 45 45 45 46 50 31 44 61 43 47 56 41 55 24 47 35 1 26 18 40 33 0 59 35 26 58 58 12 55 13 11 22 55 29 35 8 21 29 16 58 31 25 49 1 51 3 6 51 0 37 33 29 50 43 49 13 12 2 57 21 36 39 14
53 5 10 61 52 1 13 55 37 60 18 14 56 1 31 35 41 4 7 60 49 41 45 12 62 28 14 10 47 33 8 9 23 20 57 33 3 24 58 39 6 21 43 15 39 10 4 1 30 59 13 25 30 29 22 13 15 57 3 18 54 11 39 9 11 4 16 6 10 31 11 41 40 45 52 5 23 25 55 24 5 59 45 18 49 59 25 1 60 36 39 29 47 60 62 26 54 1 22 26 9 0 25 0
7 55 36 6 24 22 41 13 51 62 35 2 37 37 35 61 51 56 27 10 25 21 19 16 48 20 36 8 11 37 20 61 60 21 41 59 1 22 54 20 4 33 3 19 57 0 49 8 1 17 19 20 54 0 40 22 23 33 1 56 2 11 9 37 1 21 20 1 24 19 25 59 59 52 38 53 10 33 13 25 14 13 38 27 19 11 36 17 28 12 40 17 37 52 50 0 58 0 17 39 16 37 51 60 3 31 21 36 0 53 28 39 39 43 2 61 21 31 32 51 49 54 50 0 40 43 33 19 54 44 8 5 42 1 51 59 38 23 50 41 25 1 34 37 11 51 8 53 21 42 28 47 1 3 42 9 35 40 5 48
61 13 24 14 62 8 33 25 35 12 39 24 41 27 47 3 37 26 7 20 59 45 25 52 54 34 28 22 55 47 26 55 17 46 41 25 7 28 6 37 42 3 9 27 44 29 1 1 2 1 47 46 26 22 20 5 9 17 4 44 36 47 58 5 11 5 10 55 52 23 7 43 10 49 17 23 50 53 35 52 44 37 1 59 12 5 23 14 27 4
55 55 58 27 8 25 9 13 29 8 54 56 32 15 5 15 33 42 61 20 53 23 13 46 38 16 28 34 63 15 52 7 37 8 1 15 27 52 6 29 62 33 33 5 38 55 37 45 2 31 61 14 42 33 17 47 37 41 56 49 50 50 38 47 5 34 16 60 26 13 49 41 22 34 62 41 26 15 23 14 31 0 8 25 15 59 35 60 22 5 35 33 35 48 63 32 63 45 7 7 46 10 8 32 63 7 9 18 23 55 11 48 1 9 10 23 35 37 30 17 21 27 25 0 0 29 51 47 20 46 34 22 27 26 60 49 26 59 12
61 19 34 39 26 51 37 55 61 4 60 50 48 47 53 11 59 44 61 16 45 1 21 10 8 40 2 54 53 45 30 53 16 28 59 33 41 62 39 49 9 28 13 37 56 23 34 16 1 28 1 54 42 44 12 0 23 13 26 50 62 33 60 33 23 20 8 24 38 23 37 5 52 60 3 31 7 31 57 46 42 60 22 25 7 35 22 7 2 20 33 7 1 34 39 29 20 25 13 27 6 20 14 58 57 29 47 6 51 1 37 0 15 39 18 28 48 0 49 20 51 49 24 57 20
47 55 8 41 2 17 63 29 37 58 4 14 38 49 33 3 13 18 47 42 35 37 33 26 42 38 62 52 31 9 19 10 24 19 55 11 63 33 10 11 30 15 11 21 49 10 28 39 18 1 53 39 0 9 42 55 41 47 42 1 8 50 52 62 5 56 60 16 20 14 25 63 40 40 42 2 45 35 29 38 39 56 7 47 43 35 39 62 43 20 13 42 1 46 0 28 32 62 47 53 20 37 53 12 13 3 13 12 28 1 52 21 29 35 10 7 9 31 38 57 57 22 40 15 3 13 27 7 18 38 1 33 5 23 3 14 4 30 28 25 25 11 1 14 52 19 42 31 31 34 2 50 12 41 55 15 41 0 62 50 26 18 43 4 12 34 52 38 25 17 55 42 58 25 1 53 55 14 0 16 18 29 41 23 1 20 13 33 47 21 27 0 40 16 10 27 57 7 8 17 48 54 8 36 63 31 58 27 30
11 17 11 38 4 35 47 33 15 10 24 60 0 21 43 39 27 46 21 29 39 31 17 16 12 40 0 5 13 1 22 7 24 62 14 23 35 28 47 2 35 35 15 17 31 16 1 40 5 50 47 12 0 48 34 50 37 53 24 53 16 55 55 53 41 48 36 28 26 37 63 39 47 38 49 14 27 44 21 24 60 46 0 16 45 45 3 34 61 4 20 35 55 60 54 48 26 19 35 31 14 55 47 5 50 23 39 12 62 0 20 35 7 27 20 29 37 36 59 57 15 52 1 24 28 31 47 13 34 36 50 32 24 45 9 3 8 58 1 60 61 51 11 10 19 34 15 45 39 36 1 3 36 11 51 27 42 32 4 48 35 1 29 60 9 0 8 36 43 35 10 30 52 14 40 13 11 37 48 38 27 14 51 19 59 4 19 0 7 13 33 46 41 5 40 39 55 37 28 38 40 22 35 51 51 48 35 20 60 28 56 13 13 12 47 22
1 41 36 13 0 47 5 55 63 14 8 54 50 53 29 55 33 0 57 8 41 27 59 54 28 10 14 30 61 51 8 38 50 11 6 51 57 50 41 34 10 23 7 45 30 41 45 20 30 49 29 6 62 60 10 39 39 25 28 19 61 5 22 7 47 46 18 61 59 3 24 13 18 60 6 36 10 29 5 46 2 16 36 47 29 41 46 5 8 25 27 39 41 51 32 19 10 23 6 37 58 4 28 44 8 3 1 24 29 44 56 56 53 43 58 52 34 0 43 37 17 45 16 30 11 34 37 25 47 22 3 8 55 21 47 23 38 20 51 49 53 49 60 54 20 6 48 57 25 43 36 36 20 58 11 53 49 54 13 38 11 23 39 50 37 63 51 46 19 9 21 3 38 44 51 17 47 38 50 30 26 21 18 61 42 28 34 0 48 5 27 5 56 24 39 32 9 19 43 16 27 58 61 15 17 4 43 51 16 1 11 41 10 10 42 0 3 25 23 52 41 30 38 38 32 33 45 62 49 8
17 55 24 28 4 2 45 57 21 10 35 20 19 29 23 39 55 58 49 32 43 59 35 8 48 30 48 50 19 51 33 0 42 52 26 39 37 27 28 53 50 17 33 21 6 47 25 17 50 31 11 49 43 24 56 49 15 31 46 12 24 26 31 10 31 6 50 60 32 8 21 29 59 44 12 33 4 7 23 3 18 49 6 17 13 37 4 7 47 32 7 53 11 8 46 30 42 49 21 49 46 59 44 44 50 60 11 33 18 29 0
57 17 8 13 36 49 37 5 47 50 2 50 16 35 33 51 17 32 63 2 55 27 61 58 62 44 12 26 39 33 40 45 11 6 5 31 47 28 12 31 52 49 31 51 21 2 62 37 50 15 33 8 12 18 24 57 61 33 13 12 57 26 40 45 19 44 12 48 24 29 29 51 18 41 46 59 57 33 55 18 62 54 2 33 41 11 50 35 7 27 18 5 59 50 51 59 29 30 9 11 37 39 58 26 37 25 41 44 46 54 10 49 57 45 40 24 32 6 2 31 41 46 36 21 34 56 51 55 32 34 19 58 37 51 3 10 7 49 37 26 13 5 50 56 3 9 57 61 27 42 40 30 48 35 13 51 38 25 23 49 46 15 5 30 52 12 34 46 23 7 55 46 45 60 4 37 19 46 42 20 34 37 59 61 16 23 53 35 0 13 53 46 0 2 16 35 1 49 38 29 36 18 8 20 61 7 48 43 20
47 43 2 3 58 59 11 21 35 52 42 2 46 43 9 29 21 30 37 36 19 53 53 18 28 4 34 34 49 3 32 33 36 52 61 15 57 46 9 45 1 4 63 49 44 29 52 6 15 51 31 8 34 44 20 14 9 33 28 22 12 1 48 1 41 20 42 46 48 9 33 51 40 52 53 5 51 31 17 46 16 56 28 31 21 31 2 49 36 4 35 45 37 6 37 49 46 37 9 41 62 18 60 12 45 31 17 42 53 11 47 32 61 31 16 28 16 62 29 38 23 61 46 1 30
49 15 14 18 62 0 15 31 17 34 9 28 53 49 39 25 57 26 5 20 25 5 41 54 46 52 18 12 27 9 28 7 30 17 49 7 27 48 0 4 18 59 57 55 15 32 7 50 13 51 63 60 46 50 32 50 53 41 56 5 17 42 8 29 15 28 34 16 0 11 23 9 51 2 62 47 18 3 43 22 18 12 48 25 9 53 30 43 43 5 8 19 27 56 0 1 57 43 25 37 30 16 34 30 2 39 5 2 22 32 23 32 21 51 36 44 51 6 19 45 53 1 36 60 63 54 23 9 54 43 56 11 28 55 41 31 38 23 36 59 57 39 54 46 19 26 12 19 53 4 43 34 26 43 20 2 5 46 37 60
31 1 61 8 44 34 34 41 21 36 58 43 38 7 7 55 59 18 62 23 28 1 21 32 5 53 24 45 37 49 8 6 20 34 23 13 11 52 7 38 26 45 27 43 48 49 13 1 2 3 61 62 58 34 16 25 25 13 6 3 51 9 62 25 47 24 54 8 32 18 55 29 55 40 4 9 5 27 5 21 24 36 40 48 49 7 26 24 21 20 53 43 9 36 41 4 45 61 37 21 47 4 35 10 49 39 17 16 21 61 40 2 1 37 34 36 4 20 45 1 61 47 48 46 27 41 63 25 44 53 24 24 15 51 15 2 7 27 12 33 21 53 3 34 3 42 51 51 53 26 58 62 6 44 11 61 58 53 15 24 43 57 37 54 36 23 62 43 25 7 20 31 23 41 2 29 13 44 57 42 57 22 55 21 52 22 2 2 27 53 19 56 60 9 32 16 55 45 56 37 22 60 63 49 61 40 36 22 26 0 19 23 54 59 24 37 12 25 3 4 54 58 26 39 1 17 16 12 57 42 20 55 55 30 53 8 18 11 52 9 19 8 17 30
55 23 32 46 42 4 57 45 31 12 31 36 1 43 63 9 61 38 21 18 21 59 29 50 58 24 32 22 25 43 62 39 18 35 33 15 19 62 12 0 16 35 13 35 37 60 13 26 1 40 27 40 20 56 34 12 3 11 47 2 54 57 15 49 29 17 4 57 32 53 13 29 17 46 58 17 2 15 19 3 54 29 0 9 57 13 16 23 40 24 22 31 17 32 34 0 22 58 1 55 20 30 20 29 44 61 39 4 10 45 0 1 13 43 51 4 0 47 60 1 13 27 2 41 46 16 39 51 6 56 62 58 13 39 25 8 1 21 61 22 35 61 28 36 41 7 7 19 33 22 26 25 3 7 33 7 57 54 59 10 27 9 49 14 53 55 1 6 51 7 16 2 53 55 35 25 11 54 8 16 44 34 23 47 40 39 30 27 14 7 59 0 48 44 34 23 23 45 19 38 13 59 13 21 47 38 16 44 30 57 15 11 32 54 40 37 52 18 0 25 52 49 50
1 31 12 39 18 7 29 1 57 4 12 8 2 5 27 63 61 22 43 44 17 60 3 60 20 18 58 26 15 13 19 16 14 39 61 11 19 56 20 7 20 57 41 7 28 39 59 57 52 15 5 34 24 19 28 56 7 29 36 31 8 24 47 11 19 41 40 34 15 54 17 9 24 53 16 54 53 51 3 34 4 28 6 24 3 35 13 24 35 48 6 43 47 42 14 37 30 23 33 35 3 4 60 39 54 55 57 41 52 59 46 55 43 13 37 10 32 1 33 17 13 62 50 48 22 14 45 45 18 60 22 7 44 45 39 62 60 23 14 13 59 1 27 24 34 3 26 49 27 35 18 23 40 51 7 11 30 52 62 35 9 13 21 22 16 8 50 1 47 29 29 26 40 6 26 52 59 0 26 38 40 12 41 23 45 8 57 9 59 11 53 16 58 60 18 23 45 5 4 35 47 56 18 35 7 26 39 5 14 14 33 17 32 58 48 20 11 7 19 0 19 38 24 40 3 51 63 2 7 24 51 61 57 26 10 10 6 28 31 7 52 34 18 0 9 13 7 12 45 39 0 50 55 41 34 10 6 6 33 17 35 58 7 51 52 23 47 57 10 20 42 56 28 1 57 32 50 30 55 42 23 31 2 15 2 40 25 23 31 3 62 12 17 41 17 11 13 22 52 61 21 31 1 50 26 18 44 49 19 41 17 28 31 57 25 9 29 36 10 38 38 21 47 63 40 4 30 1 62 8 1 35 40 37 36
27 53 0 11 28 3 25 17 13 16 40 14 2 35 47 57 35 2 53 8 15 7 1 4 56 0 32 8 41 49 28 5 30 38 39 41 19 28 17 43 63 0 37 57 30 59 10 8 15 35 53 8 62 22 32 28 9 27 58 26 32 3 56 5 1 16 48 10 4 29 51 13 16 6 41 57 21 35 3 40 20 48 30 45 1 27 60 3 58 48 13 57 11 44 45 7 48 41 43 31 6 0 40 52 43 55 11 8 19 19 7 24 15 1 28 50 18 38 25 52 49 41 48 25 42
59 9 32 7 16 47 23 31 31 32 46 20 16 49 41 53 53 46 63 62 3 33 31 8 30 44 4 58 1 59 47 40 6 51 25 41 17 13 8 5 2 9 11 51 13 62 30 1 50 31 57 23 12 49 32 55 7 35 52 29 22 8 34 34 3 26 42 44 44 6 25 43 26 12 60 12 31 57 3 32 35 52 53 25 15 21 1 48 55 52 21 23 33 56 2 44 12 38 17 29 38 47 52 41 4 13 33 17 48 5 48 27 3 49 2 33 22 47 24 13 3 51 10 1 32 33 11 25 55 62 34 25 58 6 12 61 2 61 10
7 25 14 4 28 54 25 33 23 8 5 52 15 11 53 31 49 36 5 42 25 21 57 14 38 38 52 46 21 23 16 25 20 47 0 17 47 27 50 29 42 63 25 5 10 57 24 45 60 61 1 21 20 25 18 57 9 49 53 62 20 53 8 54 61 28 34 36 8 62 23 15 6 31 32 13 19 5 39 24 6 12 22 17 25 51 51 14 25 36 49 43 47 58 36 28 20 6 43 23 47 34 3 12 28 15 51 54 5 44 12 59 25 15 47 0 32 56 26 15 21 51 16 41 46 35 1 61 4 48 40 8 38 15 57 40 14 10 42 13 13 17 22 45 40 25 59 45 35 37 16 53 22 13 46 7 55 22 37 56
47 45 30 11 0 37 61 39 35 14 32 36 42 3 31 63 19 2 61 44 23 44 5 6 56 32 58 36 39 11 61 58 34 5 47 19 13 23 0 37 18 27 49 21 23 30 44 55 16 25 37 3 18 29 24 9 1 35 38 39 56 20 40 1 43 24 18 34 56 44 53 59 52 42 46 28 55 47 15 62 47 44 39 5 23 13 27 32 47 2 15 54 39 46 42 12 4 42 15 23 25 54 6 45 25 15 13 60 46 14 32 49 13 41 46 40 42 27 20 25 35 8 30 38 2 45 29 55 39 20 26 59 44 38 53 5 44 43 4
47 31 58 62 8 32 3 29 21 32 53 26 17 61 61 43 41 60 53 50 17 42 47 30 62 4 18 58 61 25 17 62 22 3 41 47 55 36 20 50 36 3 41 7 12 30 20 33 32 9 59 38 38 58 50 29 45 21 19 30 16 37 30 40 9 56 32 38 58 46 53 21 42 49 54 47 59 59 5 38 4 20 4 39 43 33 57 36 3 32 33 0 63 30 20 58 36 52 15 55 52 15 28 54 59 43 51 44 15 25 17 26 63 31 58 37 60 53 34 63 17 46 14 6 58 3 47 63 52 41 16 41 5 45 43 58 32 56 44 0 7 47 11 14 41 4 60 57 55 46 50 39 46 45 7 63 48 7 27 47 56 7 19 32 60 9 1 55 53 23 24 47 36 57 35 9 29 51 44 1 8 7 47 7 52 23 2 17 31 61 33 60 7 28 31 51 1 15 1 62 23 54 53 12 7 21 24 29 46
19 47 10 56 22 50 35 37 47 20 29 30 29 39 47 15 1 6 23 42 33 34 57 16 36 28 28 50 37 23 60 57 48 42 24 1 49 30 28 14 36 51 3 29 57 44 8 63 36 25 31 1 60 17 26 11 37 47 61 6 0 51 45 39 43 38 40 10 46 8 59 49 36 58 24 45 62 35 61 4 12 10 14 5 13 17 32 58 39 3 41 23 7 0 30 12 18 45 19 61 6 9 28 24 59 9 31 18 57 5 28 9 7 21 14 10 30 0 43 15 23 28 51 39 29 30 1 33 22 52 36 42 19 34 50 37 44 13 54
1 59 30 50 30 34 55 5 11 56 3 52 25 13 31 47 27 2 31 62 35 19 51 4 62 58 36 36 47 7 58 21 38 31 27 61 29 60 20 8 56 23 5 35 27 0 1 26 63 36 15 22 10 8 32 60 23 35 61 14 30 49 63 17 51 35 0 55 40 43 1 1 21 38 34 31 22 11 21 7 2 39 42 25 13 45 20 7 16 24 34 56 23 0 40 22 6 0 1 37 32 1 29 20 35 43 9 14 28 5 24 41 21 57 24 1 1 6 15 35 51 26 5 2 4 5 57 53 48 3 57 40 24 27 1 40 33 24 42 31 19 11 58 15 36 8 24 7 41 34 61 27 22 13 15 41 33 48 5 44 57 20 27 2 38 24 56 26 19 15 13 12 56 35 49 53 25 24 18 5 2 61 25 17 48 46 32 25 54 19 1 42 32 2 52 33 59 41 28 36 59 33 9 37 31 24 38 14 6 13 39 27 34 49 16 40 7 18 29 6 44 14 8 14 15 9 53 48 7 17 31 37 17 36 4 56 20 1 33 13 44 1 26 45 41 27 25 48 13 0 28 35 35 15 22 17 17 48 6 51 39 4 33 55 8 17 7 21 55 48 35 4 31 44 16 37 44 9 34
1 31 51 0 24 37 31 37 63 51 30 41 48 31 49 23 44 12 25 48 54 47 57 40 14 12 52 41 29 57 24 15 36 42 22 51 13 8 38 16 58 58 51 51 32 51 2 23 17 61 17 45 20 49 12 19 45 33 1 50 2 34 52 39 25 62 23 14 22 7 13 17 34 5 5 60 18 47 11 20 19 28 8 17 45 47 14 47 34 32 56 37 53 40 48 0 6 58 1 1 2 27 28 55 25 47 53 14 12 0 26 47 1 19 23 38 29 62 23 1 7 58 44 42 12 0 3 9 10 26 50 49 14 57 17 30 52 5 40 35 55 1 61 28 34 9 16 49 39 41 18 47 42 42 61 11 8 27 8 36 61 57 13 48 35 45 27 44 27 51 60 10 27 62 0 23 63 20 22 58 44 51 63 35 8 15 42 13 13 28 37 60 0 22 24 58 21 19 27 44 58 39 25 25 27 36 54 59 10 51 41 27 38 31 17 2 27 51 61 42 38 18 28 15 47 5 5 18 15 54 59 43 53 44 15 25 14 13 49 1 53 54 45 8 47 4 26 61 4 5 38
9 33 60 25 42 53 29 29 19 16 6 30 20 9 39 51 53 28 45 24 17 12 49 2 24 8 2 28 57 11 32 52 0 35 44 25 29 26 1 30 2 15 43 23 24 53 17 4 40 29 39 12 4 24 50 47 29 19 16 45 35 9 16 45 45 40 38 37 25 39 22 19 36 16 40 42 60 53 3 58 29 10 3 39 17 23 14 56 14 44 31 19 61 19 50 1 58 37 38 11 50 58 30 10 40 47 11 17 12 54 57 23 55 25 36 52 23 48 33 59 49 4 23 49 60 22 59 55 34 22 26 38 5 49 59 4 5 39 6 18 51 3 1 2 13 12 19 46 3 2 4 62 40 62 39 13 52 59 25 58 61 53 51 48 6 47 8 57 1 13 28 49 31 12 3 15 5 30 37 52 4 35 33 51 24 59 20 23 19 9 45 6 1 44 6 29 47 25 27 56 40 21 12 61 13 42 11 22 31 57 33 1 24 32 46 30 35 11 19 44 1 27 61 28 43 13 34 3 8 53 27 31 55 19 32 27 46 39 44 45 41 4 25 50
37 21 8 60 2 30 25 5 7 30 61 48 57 51 55 61 21 42 33 8 13 5 57 50 4 18 60 36 11 21 47 56 62 51 19 41 11 8 32 0 0 61 29 1 57 36 24 38 22 17 11 54 12 14 32 51 26 53 18 40 6 28 50 57 5 25 4 8 43 13 53 1 58 24 42 36 47 47 23 50 61 12 11 56 7 33 40 50 58 40 29 15 3 6 62 54 26 22 15 45 22 47 62 33 35 35 13 42 40 14 26 7 57 39 23 30 27 62 27 38 41 56 46 10 62 40 7 35 36 5 51 58 17 63 49 36 32 21 18 15 29 23 21 58 6 7 62 55 1 2 18 4 36 27 1 5 11 30 52 53 47 29 49 40 6 16 32 45 46 53 8 32 60 2 50 15 31 61 48 51 20 52 47 57 44 46 25 4 29 49 39 37 30 56 61 42 47 55 38 40 11 15 21 49 45 52 48 40 38 33 21 57 38 39 39 41 60 51 59 52 36 45 23 17 17 29 56 4 21 41 53 17 3 21 28 13 14 29 14 38 55 24 35 38
21 43 58 49 16 7 11 3 61 50 10 58 0 37 27 37 3 14 17 20 21 30 9 36 38 16 56 56 49 53 28 29 56 38 49 3 41 52 43 17 55 56 51 1 12 31 26 40 1 18 39 52 22 28 16 26 51 43 44 12 24 21 8 55 51 14 12 40 38 1 33 39 16 2 23 59 41 19 51 32 50 40 36 59 19 41 26 57 0 50 35 55 1 26 59 21 32 41 39 21 24 14 26 6 15 61 1 50 5 5 53 26 57 63 20 16 26 18 25 40 22 9 28 7 24
47 51 24 7 62 27 25 31 39 28 12 62 30 19 59 9 31 54 19 28 3 60 51 60 22 52 56 26 39 41 10 16 58 43 8 35 27 48 61 36 6 53 15 39 58 21 55 6 18 3 57 60 28 16 2 39 61 31 22 53 55 17 24 33 9 42 42 53 25 53 7 31 26 30 18 18 28 33 53 18 32 52 53 40 11 27 24 45 12 32 29 1 11 14 28 8 9 27 39 37 30 26 42 42 3 31 61 53 20 60 1 26 41 25 20 50 10 10 21 43 5 8 19 39 44 20 53 33 48 54 58 48 1 33 33 60 41 10 30 46 20 24 31 32 9 48
49 45 16 22 4 52 1 57 29 58 29 20 15 61 47 3 49 50 15 38 13 36 41 26 16 60 8 52 11 45 18 40 54 19 16 15 59 50 43 22 20 49 25 13 6 44 6 17 25 15 13 22 46 58 52 17 5 33 21 50 34 25 60 19 47 12 40 34 40 53 18 21 49 54 51 46
25 55 20 27 46 1 25 47 9 42 0 2 2 23 53 59 31 12 59 12 7 41 29 10 46 38 42 36 3 49 42 60 42 41 26 1 7 52 23 40 52 1 33 51 58 5 55 8 12 35 29 30 52 22 26 53 59 13 62 35 11 47 48 7 29 28 20 49 63 17 9 37 30 8 14 60 38 7 53 8 12 48 32 27 11 47 50 33 30 11 13 47 1 9 42 27 10 5 48 13 22 10 58 0 4 23 13 10 54 28 29 19 37 51 0 38 1 28 23 37 43 5 32 38 47 0 1 1 22 53 4 56 61 19 3 39 12 57 13 3 55 39 54 49 52 12 39 29 13 9 62 52 25 9 60 21 49 26 39 48
39 61 50 17 20 31 55 51 27 42 6 38 58 23 61 11 13 22 45 28 41 0 23 38 30 18 32 28 9 45 8 8 10 15 40 3 21 0 53 46 20 17 9 27 14 25 7 40 2 59 61 38 60 8 44 37 21 13 6 37 5 13 34 7 25 60 30 3 27 35 8 53 4 44 26 20 46 47 7 48 21 8 27 32 39 63 62 32 30 34 57 53 21 0 31 45 1 54 47 19 2 10 1 3 43 7 47 62 56 52 2 15 23 45 8 35 41 21 38 6 21 2 36 24 28 24 27 55 26 26 62 1 56 3 39 42 4 54 40 17 9 29 4 49 49 27 14 15 37 61 3 52 12 47 5 25 32 10 38 2 7 61 47 20 39 2 13 57 32 29 44 50 4 12 30 39 59 56 52 12 31 14 19 7 22 49 20 14 57 31 11 30 10 12 45 21 45 39 62 32 52 2 47 41 41 51 0 58 5 34 29 1 28 20 30 30 59 34 63 55 42 29 22
61 51 60 18 52 46 5 19 61 12 5 10 49 33 13 11 25 34 7 20 35 14 57 4 56 52 52 14 23 29 32 12 58 59 52 5 41 55 0 17 56 17 59 19 28 7 5 61 0 13 45 24 52 53 19 13 11 15 24 33 60 59 37 33 53 0 8 18 42 61 61 27 62 45 59 14 41 42 15 27 26 29 2
57 25 54 5 30 45 19 47 47 2 16 28 26 17 57 3 55 52 39 40 25 51 55 22 50 58 24 8 53 55 55 22 7 20 26 51 11 21 58 31 36 47 5 35 24 38 29 30 14 23 9 25 6 53 2 5 5 1 62 61 14 12 38 54 31 50 6 16 62 26 41 25 58 56 34 38 17 17 23 42 55 12 1 59 43 19 59 34 7 18 45 56 53 22 22 60 28 44 47 7 34 44 2 26 29 21 39 37 48 0 62 40 1 19 42 32 58 30 49 15 1 9 18 49 62 42 61 51 28 43 6 34 27 51 11 47 28 22 9 17 34 48 1 56 43 10
35 9 42 4 36 24 37 35 39 0 3 34 43 25 59 33 13 4 47 4 15 51 17 14 50 6 46 48 9 19 44 39 56 20 24 3 23 20 6 0 42 51 33 59 47 0 34 9 38 41 51 47 6 59 16 37 19 19 43 24 6 1 33 53 53 58 16 8 10 40 5 53 52 36 38 55 44 43 3 8 52 24 24 59 3 25 56 26 19 23 3 47 11 12 36 6 48 25 41 33 38 43 4 40 45 19 1 58 33 7 16 17 41 57 8 62 48 44 1 45 47 0 25 15 1 12 21 3 22 60 28 60 41 32 23 13 6 17 0
57 55 6 16 36 10 19 5 41 32 45 18 15 33 39 61 47 38 9 32 33 10 39 26 2 14 56 18 39 57 4 49 18 12 46 5 3 52 16 36 26 1 15 11 13 8 60 35 62 59 37 29 36 63 44 35 51 3 29 16 22 55 37 18 5 16 8 26 14 32 63 49 16 14 58 39 58 37 13 20 18 46 14 39 57 29 16 42 7 41 57 1 9 12 56 38 52 49 51 49 28 51 4 26 9 35 47 28 43 27 18 39 27 51 52 24 10 34 47 25 17 56 43 57 55 58 43 61 48 8 24 36 15 22 27 31 28 13 62
43 51 2 39 62 53 57 15 33 56 44 26 56 41 37 61 7 2 41 8 15 35 21 48 20 16 30 22 25 19 8 16 42 25 32 15 51 44 37 18 26 11 15 35 40 51 39 28 46 19 45 26 2 2 54 11 9 17 38 1 27 27 40 29 37 56 50 37 51 31 34 53 56 2 34 24 22 21 31 12 21 12 55 23 61 45 55 26 2 21 28 49 55 18 3 28 18 31 35 27 63 26 51 52 16 55 35 40 3 22 28 41 19 31 40 41 14 39 35 23 5 14 1 41 36 28 27 25 60 38 20 44 29 21 55 44 57 52 6 48 62 13 13 60 33 40
1 5 20 22 36 36 51 9 37 56 55 16 37 55 11 35 49 56 1 12 49 25 9 8 12 10 48 62 27 43 58 37 52 29 51 21 43 49 38 24 9 2 37 13 2 23 10 38 7 47 31 35 38 61 36 14 35 25 10 29 12 2 57 49 49 48 21 10 11 37 62 25 42 34 22 4 22 19 3 14 17 18 31 37 25 23 0 36 12 10 11 21 63 45 10 41 48 37 60 49 44 60 8 58 4 17 17 40 47 45 18 45 37 41 36 18 22 4 5 9 63 29 12 8 53 30 59 49 42 50 48 0 43 43 23 42 47 46 26 20 30 15 23 58 55 38
11 35 10 15 0 5 27 59 57 62 48 48 22 31 39 45 35 18 43 36 21 30 11 60 44 44 2 54 59 15 32 44 60 9 34 51 45 26 37 16 10 27 39 57 2 57 31 4 48 43 15 20 32 52 62 21 9 57 42 47 23 45 40 43 7 60 52 37 7 63 40 21 10 8 2 26 60 53 55 32 10 16 7 11 3 17 60 30 30 48 5 57 35 43 38 54 41 50 61 5 58 33 46 44 5 25 29 32 18 42 38 42 25 3 26 10 24 48 1 1 33 50 59 57 60 22 47 35 55 12 45 54 56 55 49 10 62 5 46 39 21 41 13 46 60 7 56 29 61 36 13 61 47 36 19 35 48 60 62 20 59 47 13 1 32 35 42 0 37 47 56 51 54 46 3 5 1 14 4 11 25 16 3 11 8 39 7 15 18 25 5 59 37 40 58 11 33 41 54 60 12 26 39 0 54 45 14 5 22
47 51 4 36 54 2 3 55 25 34 39 8 3 49 43 1 31 56 15 4 63 46 17 42 22 44 58 0 39 39 38 33 0 11 45 13 59 4 0 18 24 9 23 9 13 32 28 17 13 49 25 60 11 28 4 63 37 23 16 35 0 34 60 37 41 56 54 18 4 36 25 39 12 48 52 60 25 1 27 38 61 37 46 12 51 35 51 12 55 14 38 29 13 54 54 13 60 57 31 1 1 42 42 21 12 45 1 22 39 25 49 38 31 9 26 62 32 8 7 29 37 27 42 35 22 32 19 9 40 53 4 12 29 19 21 6 50 7 37 40 50 62 29 46 3 8
61 43 56 19 56 1 47 1 63 22 26 40 38 49 55 23 15 20 11 48 37 6 27 14 18 52 36 48 57 17 62 48 8 33 22 13 11 14 55 60 44 17 25 19 18 53 37 4 18 27 49 6 48 42 34 29 29 55 44 59 1 39 14 25 7 42 46 49 31 29 61 7 20 6 46 32 28 43 37 50 43 28 61 32 31 21 38 40 60 50 19 43 51 28 17 59 53 10 25 3 4 0 45 51 37 53 7 26 50 38 10 9 37 53 58 25 5 51 62 62 5 18 52 14 16 44 5 23 10 13 37 62 5 21 11 36 30 15 20 27 17 21 42 29 35 25 36 51 41 6 22 45 62 52 55 49 2 43 54 22 43 1 49 50 39 56 45 51 1 59 61 30 27 0 40 49 11 32 22 1 44 59 52 57 46 30 38 42 34 35 35 61 0 10 17 29 43 39 58 38 62 62 59 11 17 28 17 12 57 60 49 13 10 2 0 18 51 12 38 21 38 43 50
11 15 48 13 22 41 27 45 17 50 44 22 26 61 23 37 7 24 29 58 51 60 45 20 24 6 18 0 45 19 0 1 42 16 29 33 25 8 17 53 49 48 11 33 2 39 42 28 45 27 23 2 20 62 62 38 39 3 2 28 50 13 50 53 41 56 20 42 16 11 1 19 52 28 19 63 19 43 29 16 60 48 8 21 23 27 40 39 4 34 3 53 23 52 39 55 50 59 33 35 2 8 16 56 33 1 35 40 5 25 1 26 31 57 10 58 2 32 27 58 22 5 34 53 4
13 45 22 62 54 10 5 11 31 32 61 14 1 55 27 49 27 40 19 8 23 6 37 18 12 48 38 28 39 41 28 46 12 21 50 29 35 42 41 32 40 9 53 15 38 13 1 46 28 1 49 20 38 16 42 27 27 39 42 7 37 31 36 21 63 34 14 45 7 39 12 33 28 34 26 18 52 55 1 7 8 13 8 8 31 21 36 32 13 0 57 19 27 43 50 38 15 0 15 51 25 34 16 21 51 33 63 12 10 53 18 25 35 29 33 20 46 45 26 51 61 18 28 20 16 5 47 21 30 59 46 22 46 43 23 34 38 16 12 28 23 21 30 29 56 41 45 23 33 44 52 2 34 41 61 21 35 40 61 26 5 40 50 43 44 45 32
3 31 48 51 24 7 43 47 37 60 46 34 46 55 53 1 27 24 21 14 3 16 25 60 58 28 8 38 41 53 13 44 15 28 46 17 35 2 11 0 10 41 7 11 26 60 31 48 22 25 47 8 22 8 46 19 35 37 22 45 54 29 41 2 25 58 26 50 18 8 23 51 44 49 7 62 17 35 63 54 52 40 12 3 21 63 27 8 15 18 25 48 0 15 14 27 2
5 27 24 26 44 32 57 61 55 4 11 62 13 49 11 63 35 42 7 36 19 33 37 38 42 46 42 60 63 57 38 12 6 3 34 53 33 24 55 14 62 41 1 53 48 1 37 22 38 49 1 32 62 48 46 11 43 15 52 43 61 43 50 49 61 56 24 23 25 5 1 7 52 30 50 22 42 33 57 5 50 13 30 48 15 15 42 44 37 24 35 35 59 51 22 52 43 48 39 37 55 2 60 17 25 59 25 18 26 7 24 61 3 37 33 14 54 29 60 35 45 42 18 26 14 47 21 13 26 1 14 14 50 28 11 58 22 12 48 14 51 1 6 49 60 57 9 35 53 42 15 52 12 47 17 13 25 8 1 10 22 61 61 46 4 6 12 1 52 4 15 46 27 2
43 29 34 23 50 7 19 47 37 12 22 28 4 31 13 25 37 2 5 60 57 60 9 54 24 26 4 20 21 45 9 44 27 54 48 39 27 32 44 54 50 17 21 25 36 23 42 21 5 11 15 4 4 42 24 18 37 33 7 12 60 47 63 35 61 11 32 35 40 37 59 41 50 5 36 1 57 7 19 10 12 8 32 9 16 3 55 2 29 62
31 59 24 28 14 6 41 25 1 38 49 34 17 57 7 39 1 8 57 20 15 31 11 12 58 4 24 38 53 5 2 28 56 53 38 3 55 36 51 22 10 1 35 13 62 13 15 56 44 31 35 44 36 2 30 9 17 13 42 17 57 59 50 3 5 28 2 23 39 35 25 23 32 36 20 8 10 29 1 51 16 23 40 26 33 31 36 52 29 18 33 9 55 1 32 60 35 44 55 11 59 50 24 47 33 7 15 52 46 31 18 1 5 27 15 22 24 29 34 57 47 10 32 50 2 37 23 1 20 49 14 32 62 28 25 46 50 26 2 42 43 23 42 40 20 30 25 53 15 28 13 12 37 1 51 13 55 34 43 30 57 24 53 21 28 37 38
31 37 22 63 34 21 19 25 39 40 0 58 58 43 51 19 37 40 51 2 53 52 27 18 6 4 18 22 45 41 10 61 63 52 55 47 7 46 26 11 38 3 25 5 56 13 51 24 17 17 43 60 18 24 34 39 1 1 34 53 50 39 45 57 39 16 49 28 24 37 57 25 18 3 50 61 21 51 53 9 62 11 50 41 38 29 59 24 1 32
47 25 16 53 10 27 17 7 23 62 60 10 22 23 51 3 35 58 45 52 7 3 19 26 26 26 34 32 47 33 46 37 32 30 15 53 1 8 25 25 9 50 25 13 6 5 56 10 17 37 15 40 2 48 22 24 9 47 8 46 60 9 44 21 25 50 46 38 42 15 35 59 44 16 63 33 61 19 25 4 6 8 56 1 17 13 0 59 14 58 15 15 43 2 57 23 18 51 61 19 22 20 60 38 43 55 61 62 41 9 55 28 15 41 24 60 52 28 53 18 2 11 48 17 56
45 23 22 18 62 60 9 63 39 50 51 32 17 63 49 45 31 56 55 22 33 51 11 62 16 38 10 16 11 35 12 27 22 8 36 25 11 42 62 40 22 53 27 1 17 16 4 39 4 25 11 21 22 15 8 17 15 57 29 8 0 7 55 13 5 58 6 22 28 38 5 45 50 60 50 45 12 55 63 6 10 54 6 17 33 45 56 16 41 11 43 1 5 34 28 28 36 27 49 61 48 9 6 16 57 33 15 4 17 9 20 11 3 27 62 4 22 18 43 51 57 14 9 17 21 10 53 15 50 44 58 30 41 4 18 47 4 39 26
