81030 1980 4900
348550 1000
70930 2130 270 490 295
397650 3600 315
117000 2580 4200 30 5800 750
33260 400 48 10 1140 68
18628 900 180
824200 96 415 6200 1450 2125
284760 375 360
148350 840 118 1940 900
3108 230 68 168 2475 1560
46985 840 1080 1305 960
88775 1175 1560
183390 1420
166150 2070
76935 1500 10 375 700
137805 10 2400 50
14445 915 525 1600
982800 400 2100 3700
42050 110 1475 3500
170250 1600 100
350600 200 1200 3200 155 152
290670 1100 48
10338 200 405
168800 3800 960 108 600 920
3510 520 1600 490 1290
96 92 1750 4700 240
214000 220 75 360
235650 190
2810 160 1065 1500 100 340
18060 2970 10 400 450 95
5514 1620 10
135780 80 110 8
16680 3150 1290 4150 138
175500 2850 1325 2580 375
620 285 4650 520
144450 375 4000
103500 670 2400 480 2175
129780 1550 4500 158 3900
429300 390 1200 40 186 10
502700 1100 330 1080 4700
29870 450 10 2650 4900
962 8400 8000 300 2150 420
2816 9500 10 1395 1900 50
250590 765 124 1050 2
26525 2280 520
77880 2950 2500
179940 10 180
179280 10 188 1020
396500 1100 450 1005
49860 650 395 7800 144
93875 320
25905 8100 540 118 1350 230
74970 900 70 250 475
238770 3800 230 1860 7200
34500 2430 480 950 880
29960 2125 4150 198 60
143400 490 1410 1250 8300
179240 45 1700 480 4350 2790
264600 590 10 930
8502 1650 1620 4450 990
46525 765 1650
239500 240 2175 1650 1245 50
206475 15 970
12226 275 2350 8300 260 3200
5048 590 2900 1900 48 2000
158200 855 1110 550 1440 1680
19888 1650 950
17470 30 580 390 295 2800
15270 30 9000 1825 120 6600
127760 240 4900 960 105 730
14580 900 3200
141150 110 390 200
89660 140 1950 165 1700 600
326850 150 180 168 2900 190
12350 780 920 8300
53970 810 6900
129420 460 380 9500
200900 120 440 1925 300 2340
146490 135 2200 1410
368250 1350 170 360 795 5400
59675 870 3000 2100 10
118350 150 340 300 850
23595 4300 3050 2700 2010 30
65310 2010 360 1725
499200 30 1475 550 50
43700 200
913500 930 10
129750 4800 450 1185
100725 1320
45885 28 6
474600 10 2700 300 5500 350
121200 2100 945 3300 1150 1300
186550 6300 2150
15976 375
8060 2450 660
170700 400 1340 360 690
106650 1950 115 4550 460
446100 3850
123960 1775 840 1280
