4574200 41
4285100 18
8276000 28
3102400 18
5727700 0
9066900 23
9650400 50
9662100 49
7251600 36
502200 8
746700 12
1673000 9
2288800 32
2142800 38
3026900 15
8370600 16
8392400 17
3937200 32
888400 19
1829400 46
6276700 10
4449800 20
3901800 36
7668100 21
9680900 30
3259900 16
7427800 29
398500 12
4663800 26
6100 17
8498300 50
2094400 23
9455500 27
631400 26
1405200 40
7846900 32
9760700 2
7139000 5
144500 38
8622900 33
9256100 10
2279600 15
5849800 18
4071000 46
8190500 28
7923500 36
7230600 18
908400 36
5595900 24
624300 43
2388100 5
6510700 17
9148600 48
4923000 10
4255000 27
8309400 39
5351300 6
8156500 40
6240100 29
5360600 21
91600 40
1966200 40
5163100 7
5124900 27
3658000 45
8110300 21
8037500 12
1481800 15
5056800 45
4120500 31
1668500 30
4734600 13
7905800 16
263700 0
3099500 18
5198400 48
6459800 7
8339300 37
7129800 8
1914200 21
6598000 49
584300 31
353500 10
4810100 30
8636900 19
8430100 9
9927600 45
2827800 21
9537900 34
7402100 34
9995100 1
4183600 45
2024600 19
3610900 22
157300 37
1041300 39
3142200 32
3155800 48
9633500 13
6041400 31
