54346307267080650469423456025207
424515839754137875401925268487
1743972605250715419676729
62342568709120325323174235074
290679017674504801656161816394512483567961757939807274967124
49056382680957029576323094150902410
8359
19784396934205
30907283567471285210743484163428283498418651830653540708187505654230521525949162483183
57919813476235352059802946456730497903412325613090734641803912317909209412656341
4595347246979121593438731345804098678346459127945637840180919450787915620714234045348
4843194569316754792856858040183123737815328323706501720423519617146751565
789189069205363194158914862398084678236345131786891848083195691247074305869636870896065679
78678982983791934512791807645
2679230480124262974618079529123251478913624519168094892358487501
2157180801034878234157159152679647986275152961010684313470121307864780609235235672593048175345614
3912015920810391623156593831506284230739101810347695965673658017561204591460
20741383691034265919823537801975147676021647819790124705060912674670273832656725296971
5645412041689680173947187304725679134741928697503930161317432357271528234
937815680187859871285686748469123649632672460979046793845426749481574632416412913693
3138236730912561
707590615245917154851586278016721568634
1036237826481464012134874032019369341373273
2064101475290180785047348035345949450137612594763434128705303467014596
5917586780125356452451781925690234201451246539023426857804592105670
828127431560141546170580421340818410848
2174638019642140568763439
491252382313479613108071583946572952345378259402563046015102756901
8245906915631846326264108709747465973841643
94585163451461321728530408914192627071978161879838571034694138248654171348680569054537871673
23236018520857063493561376467846862985049693580593415124
2783152091965875028564
391427932535709801
9532364712326472695251410123016238317831201756756938146259016712084393806045174912914849
170690124954586549150429385346480904765130395345237306765694308568781045976918049656289893
95327125707523270107860105673498013782731979135805312596712348613574976723517156701
9368206360954565023268341459056714015452
234654959802034650183
94
3202762015689609782309165956734345682168013958046039217079127453973692
894323434803019284568025924592510217238483725
62345487268353465196169690608912818452675923756179456
7612689130643782735834202157231052590
3232791214184597120735651623282125697073147684136161612764076542
789182034
182013914578456783179351623615093848672821040738140198
9452979572528543165256256360868698759609082319157565429243856327491848276912805412404545675657353560
7430624582823463945356073460512
32780590745984867151807235870107806139
462
1
78081019
714250976151236238756929546794526754250
2984320163517278258562351796251459385787836910139402349830197
419179370359878690870167848392740
16571356075871065619601647847656891368518407
9056969095919369173
8264527580514512454521263451352561561
1073030634058984023180459531879601789270
135709201736492578528903783452980543
91237850160802362430315182156719236061
49132898075108123802029045214598058723913109626948076359683
45623537818905841414961608902676232841806508694912310676303129469130121523468974518968072391951434
34593478434085301
4180789123792726724691575740715670102123095023023015123403479409647414724926523464507895370618614141
753148454757623657404946126
42353
51
10852056820493412465841642128456106742104215343506872956780103571472198432
489313973673562019797343
1282501731867807645932325059153196179580172134
1237361369234290753179861741516314831424280801914823492036586142319597480952912345694
3678238098380438267307017650382014563617179831219
5187570749260232325910307841
902567021792521451480604980
723123865920604345968398735658380620528176456815450576347120891308329691053472425023903781985936
12913783801679012434729594205357408239386713591725919805641975643539878591831504847681019176
349167029301567419198451214369781580108626069869581986710801937304034141242674810823
847296069579675180361
91970284569840185134576
562910107424876060246356291430423685847374575363429581616345456851964380453407101345142837134
5
170154260740297862173241276793578462632010268019789
52752901805037
193085809561015348202459104529251387670179140269212
480185920876408246019852034057074591801987620470217613948234683459454731
36734
5917579273
5915794545018213643746178
19632912730182407124217125259431234671763121985623
9719673247373504567167479762194501614523952520561838018219128
20467373707260578379459659178095916535128191785371634836045148268480456542063458
67247607242764583434329576256237840130808
8231960403514567979363272393905124820176834591036706802126361819348545
67801012601672323501718082815127030901913571942496815840921642783456179650
2464913078321016794
6018
71780457163178070780192802429182689012345801781806347676717924203037369534381014381
3546513213908180941969345143243127297928606465027264791027678345383561208061269784240438541
320457893767916286702313404598517879341671631382808045067867501093105072474532509127951
