337 84
400 168
452 130
196 88
464 114
855 184
298 138
390 66
326 162
447 138
406 116
33 6
648 188
625 58
127 16
928 398
959 250
698 344
869 152
87 34
889 444
542 36
394 148
716 156
642 62
589 224
998 228
223 106
759 204
966 250
62 12
598 90
626 212
817 154
998 378
584 52
849 342
30 4
581 212
871 130
984 242
232 98
427 24
435 162
842 290
697 30
656 250
873 60
917 50
902 126
506 102
648 274
939 170
130 44
831 162
291 30
862 240
175 70
282 98
782 388
725 248
920 72
424 196
383 154
681 306
419 178
575 262
919 266
831 112
211 10
603 218
170 44
966 448
632 66
778 256
90 12
412 114
957 322
191 0
132 4
695 74
634 46
628 164
325 4
716 306
362 180
578 60
615 96
360 110
232 30
71 10
994 168
338 132
996 234
589 110
170 74
775 82
107 10
808 66
938 368
