9051 539090
7354 623950
2551 76029
8700 628251
4708 974766
2053 492338
3580 626888
8122 27119
4430 77176
8402 896813
4243 960714
468 382752
3857 857865
2725 453202
3315 969548
5427 312281
5363 873858
5262 960553
1480 374629
4509 101735
1953 165664
4532 834275
9793 38614
6015 963587
9905 422740
2917 338565
7389 660775
9898 239351
9878 950554
1404 367676
8855 195057
3922 206238
5408 958926
3421 594928
7982 469624
2445 918711
1092 931602
4621 975357
6242 438718
6353 507477
6577 999278
2267 396113
1281 95979
5910 648191
3059 137076
1386 120926
5437 320097
392 278171
1136 765229
4782 560822
1526 750610
206 764903
2895 144186
2236 764394
5989 550166
4941 137797
4475 662600
9052 517320
3509 64890
647 931736
6497 309961
523 991886
624 808959
7358 960015
5850 309194
1556 551693
9550 650434
5451 139290
8154 985361
425 28061
337 316676
5857 193497
8404 385148
1826 370193
7917 269697
2752 380426
3914 113349
8405 428086
3892 182480
6716 667948
9886 15958
8226 331804
7164 395687
763 51150
3215 831440
692 37374
494 251481
3623 169978
126 402038
396 912003
3839 265545
2525 384829
9640 925277
9083 480943
5599 559100
6915 949665
7915 614533
4682 878536
9398 879041
6483 171651
