62 96 45 85 4 16 61 36 56 58 87 55 7 49 61 16 24 67 14 60 19 11 79 64 25 19 16 2 58 54 99 77 46 21 76 2 53 12 41 90 88 46 71 42 36 32 43 88 61 25 92 68 71 39 86 45 21-81 36 56 92 30 100 39 65 51 13 24 92 28 68 11 78 54 77 90 93 35 46 57 70 94 43 99 1 11 41 99 81 88 22 6 56 73 12 72 50 94 46 41 88 45 55 92 3 36 68 36 26 42 87 50 14 51 75 16 94 19 6 44 1 55 57 86
83 10 99 39 81 98 92 69 30 36 42 57 9 92 69 70 98 97-98 27 90 54 83 29 37 49 31 18 61 72 72 37 66 26 3 63 27 68 57 89 98 81 42 69 71 10 79
21 76 45 74 50 79 59 51 42 70 84 5 32 84 92 91 78 90 74 79 99 80 16 39 25 18 88 6 74 82 83 63 76 98 10 51 38 58 73 54 16 50 76 43 35 46 70 93 62 38 80 69 26 100 74 45 44 36 100 39 29 99 73 87 77 32 85 7 58 74 98 91 43 63 70 69 4 37 64 24 48 67 50 34 93 3 44-73 43 100 5 99 69 62 46 97 55 92 82 85 43 23 99 26 63 93 82 90 95 33 66 58 30 41 100 50 67 77 23 47 64 32 19 12 88 15 84 43 19 46 50 47 37 14 36 61 81 17 62 8 54 5 72 8 31 25 53 16 53 86 8 63 5 75
38 64 74 75 14 47 47 62 80 84 57 82 44 20 67 89 99 36 72 27 50 63 77 82 37 70 10 93 66 50 32 29 1 14 30 70 38 33 64 13 7 19 57 21 32 63 15 76 75 29 7 69 64 51 56 51 100 42 61 9 4 29-22 87 97 17 51 100 60 82 49 1 49 34 30 57 49 98 88 51 78 39 91 35 8 46 46 69 79 70 35 70 74 75 60 65 77 2 49
50 69 80 80 23 66 27 53 55 33 41 96 65 32 31 51 15 22 33 84 94 36 18 80 56 73-44 8 80 35 31 57 73 3 19 45 85 42 51 98 31 31 3 57 27 80 48 53 2 63 72 72 80 41 61 66 55 34 34 97 7 98 25 12 76 3 78 57 29 7 26 69 68 62 69 69 92 34 75 14 74 15 71 13 80 80 82 44 32 16 12 97 33 13 53 33 65 72 88 48 100 16 53 69 73 20 17
5 39 12 29 58 9 5 99 96 12 74 84 67 2 18 14 75 74 58 7 64 6 75 39 30 28 71 11 7 63 9 46 4 82 63 98 8 71 26 7 11 6 37 49 41 77 16 46 43-34 97 7 85 44 100 3 100 90 84 96 27 19 19 94 40 55 10 58
30 88 68 62 63 8 17 42 91 83 26 83 64 12 10 66 42 72 30 62 9 58 57 25 67 78 12 50 69 97 91 91 50 91 89 49 95 1 88-48 100 24 19 5 97 32 46
70 52 44 78 80 80 82 69 12 76 12 78 55 44 77 6 70 79 14 16 85 11 48 62 16 34 50 30 25 6 52 90 2 69 10 39 7 86 45 41 11 73 24 34 77 98 85 97 93 62 57 23 46 5 42 16 27 71 38 29 21 37-38 11 6 64 55 70 23 43
35 94 52 92 94 65 66 61 97 53 78 17 31 39 21 27 50 91 66 13 83 13 22 53 95 48 10 2 85 35 17 98 16 9 25 33 39 59 98 14 20 26 21 78 99 70 76 29 77 6 4 23 75 80 60 29 70 20 99 92 95 32 94 38 12 98 91 23 25 53 44 61-80 19 93 84 31 68 18 11 99 74 100 60 23 30 44 14 26 29 83 15 41 2 47 83 63 58 70 13 14 39 22 94 36 4 90 1 95 88 29 27 57 96 57 71 93 99 12 69 59 93 58 35 88 4 46 53 39 39 45 35 17 31 27 65 85
94 23 87 64 50 36 25 31 68 46 69 51 89 8 53 16 62 83 8 89 76 68 16 5 14 76 12 8 13 65 65 63 9 5 63 33 74 4 19 70 91 69 7 38 54 74 45 97 26 77 47 50 71 42 3 93-27 90 51 33 78 12 4 18 60 15 30 9 40
77 46 30 68 4 64 23 43 8 3 48 14 47 76 41 43 69 94 47 24 12 85 80 18 82 12 15 15 6-23 25 6 63 92 64 94 7 8 78 73 66 24 93 15 47 78 43 9 61 76 44 19 18 21 56 31 58 10 74 43 69 76 10 78 80 29 48 28 23 72 54 10 78 4 40 34 16 80 47 78 94 24 11 86 87 65 25 100 36 32
13 73 50 62 93 53 22 22 77 23 5 64 40 44 59 19 48 53 44 15 38 69 95 28 77 18 89 36 92 68 50 81 72 1 73 46 4 76 46 71 46 67-41 16 95 43 2 16 7 73 17 99 29 69 38 80 92 10 76 19 1 73 35 14 42 32 70 14 44 85 35 84 78 30 61 85 66 79 44 10 47 75 39 51 72 85 36 68 26 28 51 74 56 100 89 52 51 10 26 1 2 97 12 95 24 77 45 100 48 40 95 60 28 33 57 55 75 78 30 35 50 53 2 13 68 11 10 39 31 7 29 61
54 98 96 66 39 28 65 49 33 23-25 6 53 18 62 95 20 85 24 86 46 14 37 2 59 5 79 88 60 54 80 68 34
88 36 41 65 80 28 41 88 16 5 61-22 11 30 44 73 42 7 98 75 50 94 55 5 35 14 87 92 58 100
15 91 52 1 50 96 50 18 20 94 98 2 61 36 9 12 77 14 75 45 69 17 34 7 61 57 76 20 28 96 41 50 94 5 30 67 43 82 58 25 47 98 78 17 6 93 7 63 30 9 61 80 81 38 74 22 22 80 18 93 22 99 20 50 98 60 79 64 20 12 46 65 85 52 78 88 93 66 68 87 32 66 82 77 41 58 70 31 40 69 9 72 15-22 94 85 37 48 76 14 82 52 41 82 80 15 79 59 75 41 20 58 40 17 91 43 89 12 25 43 93 85 2 38 55 24 20 7 78 41
69 98 51 91 12 20 75 42 42 5 79 29 80 26 19 88 95 95 6 11 53 99 44 62 9 83 60 27 21 77 2 30 34 68 48 62 13 100 44 65 80 22 44 72 13 3 16 15 63 7 23 96 58 60 37 77 7 99 20 1 24 58 75 26 38 68 73 94 51 74 50 48 29 54 49 100 84-39 63 52 88 6 8 18 20 65 97 18 61 83 47 32 91 64 65 60 36 96 13 22 12 17 72 44 82 16 81 61 27 2 31 91 61 29 44 70 49 57 85 26 83 49 42 12 36 18 31 44 38 76 69 21 4 16 99 14 74 17 61 87 17 58 34 61 22 19 12 9 7 16 51 46 40 64 53 46 54 69 16 98 12 30 62 59 64
58 100 61 28 88 8 68 5 46 7 18 94 77 69 10 11 95 85 68 82 3 31 79 69 76 78 24 56 89 35 71 99 17 98 67 89 79 48 51 57 85 21 7 69 29 34 33 5 48 32 99 90 97 96 93 34 2 95 71 40 30 55 8 64 11 55 73 20-37 58 30 27 23 6
59 55 99 13 53 65-43 92 99 69 78 68 69 46 75 5 20 6 94 75 8 12 36 65 79 51 89 57 21 65 94 32 46 7 85 13 41 93 42 51 33 1 17 55 78 10 18 51 33 8 92 51 83 74 100 94 50 45 96 83 16 87 65 88 67 34 45 90 5 37 73 66
89 82 16 52 62 87 26 57 89 62 96 69 18 46 69 95 19 70 82 20 26 12 5 10 51 35 8 50 57 86 77 37 83 53 9 49 9 22 5 68 11 36 27 100 40 45 21 52 77-47 96 27 57 87 30 41 62 74 62 79 33 51 50
49 11 4 70 94 98 74 88 63 24 22 44 1 38 36 85 63 21 59 42 3 36 13 93 21 25 57 86 70 91 20 22 90-35 40 98 66 1 75 96 8 22 37 29 32 44 62 58 64 26 89 68 36 84 87 7 87 83 97 93 7 88 16 7 57 70 87 16 91
62 49 21 78 28 68 86 52 75 88-23 23 96 27 38 24 33 27 99 87 10 63 30 99 100 29 80 64 94 58 79 53 96 89 49 100 37 77 35 1 80 94 32 77 77 81 44
26 19 69 94 91 97 70 45 45 83 7 36 1 3 76 66 81 57 97 54 86 65 50 97 92 35 50 17 23 79 43 28 79 97 19-17 27 28 85 40 1 50 78 69 62 20 51 68 44 99 74 18 26 28 43 69 39 75 56 100 66 22 9 68 53 52 51 45 14
13 85 18 9 57 74 34 27 62 56 97 84 30 5 71 38 98 39 49 56 91 26 81 40 6 44 83 85 20 72 48 90 84 77 84 91 31 96 22 2 75 68 88 90 13 33 13 33 72 11 65 54 70 94 72 96 75 47 64 60 65 27 78 68 82 89 73 69 73 15 10 21 8 2 29 49 28 100 71 61 69 32 67 75 63 90 64-49 72 4 74 85 45 78 51 60 42 5 44 83 81 45 19 17 48 35 96 49 12 32 9 31 68 12 35 78 61
60 18 24 7 33 83 39 11 10 75 96 39 63 47 59 81 8 26 25 58 71 19 38 29 52 89 57 3 50 31 41 51 8 59 43 56 38 88 39 49 96 6 92 98 92 9 41 71 37 58 54-46 7
6 37 67 27 40 98 53 35 25 76 71 61 80 68 51 29 76 97 3 11 13 91 66 3 12 1 28 69 30 85 53 95 71 93 86 83 33 31 100 75 35 50 13 65 6 97-30 1 3 1 39 19 88 11 32 23 28 47 5 29 2 17 93 59 56 71 18 63 59 86 59 19 97 37 50 87 99 84 89 49 39 17 71 27 80 7 31 67 9 5 74 47
35 13 37 9 51 34 49 97 38 5 2 9 77 48 35 59 4 76 41 23 81 12 1 52 6 58 51 34 1-93 32 73 18 24 80 89 32 56 4 10 7 65 24 5 79 40 42 54 9 94 100 9 18 78 24 55 82 64 40 11 83 5 43 54 93
81 70 16 73 47 49 61 42 14 6 10 99 94 69 96 56 34-98 27 1 68 96 26 76 20 61 68 83 3 57 8 73 56 97 52 17 2 22 17 41 16 62 96 33 5 26 48
8 18 95 97 70 32 48 13 90 19 33 91 9 40 48 37 26 95 97 26 22 54 97 40 75 34 89 95 6 33 87 66 26 80 9 42 79 64-34 28 3 69 93 2 100 23 26 84 26 88 82 99 34 11 5 26 43 20 98 40 90 10 8 33 58 37 32 2 34 32 36 93 24 94 55 27 4 34 37 93 36 64 33 38 7 98 100 82 84 31 35 83 61 27 64 73 17
35 23 47 81 55 51 39 23 15 7 40-37 73 19 10 70 2 96 74 12 61 40 1 80 89 25 6 22 83 56 21 96 89 18 15 74 51 98 97 30 71 53 38 9 46 69 96 87 38 2 20 33 87 76 90 95 68 57 20 26 90 78 53
52 71 53 89 17 7 19 35 1 26 50 63 53 83 85 7 19 2 26 89 8 92 61 24 14 29 53 97 24 81 16 32 65 62 15 85 56-66 70 52 31 82 15 92 18 63 2 7 13 24 50 77 43 87 41 28 16 88 81 2 35 19 34 85 85 92 15 7 96 16 44 61 29 50 47 97 46 27 52 58 37 75 35 64 38 24 58 74 33 78 23 89 35 3 69 55 34 78 94 83 17 57 7 32 21 30 29 66 15 33 25 12 22 23 6 20 32 46 94 29 46 20 7 44 35
62 8 82 87 88 10 97 1 40 86 34 39 4 83 22 9 9 63 64 88 21 91 62 74 10 13 31 63 56-45 73 96 82 52 27 61 77 83
58 8 15 1 51 44 28 19 93 60 87 98 84 64 85 1 37 36 51 52 92 46 90 22 77 41 98 23 27 59 68 24 47 56 75 80 83 21 68 76 98 30 19 44 3 94 36 42 16 54 18 5 92 17 48 3 83 3 18 82 64 46 60 38 14 11 45 15 35 53 30 72 39 43 30 87 96 77 57 72 56 14 78 46 91 64 51 98 53 96 83 2 71-7 76 13 19 55 70 73 68 24 39 56 18 44 52 69 23 29 87 89 22 48 85 91 29 99 30 31 31 33 51 94 17 86 81 76 66 10 73 3 51 72 86 21 36 37 94 16 71 22 15 66 50 4 4 60 71 77 39 83 19 46 38 34 50 55 98 69 26 9 18 23 82 54 36 85 83 2 89 78 13 72 1 94 96 8 11 62 25 1 63 44 92
11 83 59 47 7 65 94 39 74 97 14 37 87 10 86 22 14 52 55 51 1 77 19 57 30 85 15 86 75 92 6 21 78 8 90 66 77 5 5 49 50 44 85 63 55 33 26 40 14 2 38 8 50 35 8 42 20 88 73 38 86 10 17 56 36 9 8 63 6 37 55 50 58 52 37 77 87 24 24 15 91 81 29 45 100 82 53 99 92 64-51
15 99 81 63 16 63 44 62 24 94 81 30 4 60 42 84 13 60 28 63 46 49 77 93 7 12 70 26 83 84 32 94 66 84 20 55 69 90 36 59 45 46 84 75 19 13 100 9 44 21 43 32 48 72 35 36 7 89 49 65 69 82 31 20 35 9 65 49 95 11-84 94 23 22 44 92 76 59 23 46 51 37 57 100 37 45 86 78 19 19 96 82 76 37 12 93 90 27 40 91 49 27 69
89 95 2 74 76 11 76 12 100 52 24 76 77 49 9 80 56 63 62-73 10 84 18 35 21 90 23 58 23 38 18 77 53 63 39 48 35 69 59 23 97 27 93 93 90 95 50 30 19 69 15 26 8 35 49 41 96 68 51 86 88 49 74 92
46 75 4 51 82 8 55 22 64 76 39 79 70 71 92 57 38 63 14 46 47 31 14 34 55 32 29 80-65 9 40 26 95 64 41 53 25 8 59 39 74 47 97 75 28 89 57 35 1 94 44 58 79 42 81 24 8 71 82 15 1
39 15 72 20 40 31 9 7 67 77 38 68 79 50 86 53 64 58 7 73 28 89 51 67 24 74 13 31 70 94 83 19 62 97 73 13 41 41 4 78 79 48 12 4 58 89 54 48 63 70 15 67 32 82 99 96 83 100 18 11 41 44 61 5 32 63 35 14 20 54 40 68 92 98 42 9 82 47 22 21 84 89 32 57 29 60 77 77 69 2-15 68 42 32 69 76 82 44 38 66 24
64 5 82 10 51 92 62 11 62 19 83 20 58 44 51 14 57 58 5 16 6 8 98 32 87 85 37-93 7 72 1 36 34 24 5 26 71 68 86 15 84 40
71 99 55 81 29 42 39 50 63 49 55 65 55 74 35 16 60 52 69 28 90 96 58 87 40 54 45 60 100 44 36 21 44 68 94 35 36 43 42 51 71 26 58 65 29 97 91 74 54 28 99 6 47 97 44 81 14 15 34 5 77 74 49 42 78 57 66 69 9 14 82 1 12 15 47 40 47 81 2 45 88 4 79 12 84 30 15-6 72 63 55 81 33 76 86 30 31 73 82 90 74 28 47 54 75 79 45 1 51 33 64 78 15 85 4 66 95 20 66 86 37 90 5 57 1 49 20 42 50 29 78
83 44 90 47 23 71 30 49 53 29 16 23 22 60 53 47 49 56 23 28 77 70 36 32 6 96 63 40 46 28 85 94 11 8 9 40 28 48 24 2 47 62 22 34 73 52 35 32 52 49 64 74 42 94 70 43 88 24 4 82 77 56 86 67 34 67 92 26-23 29 33 70 80 79 86 86 97 67 1 82 52 83 36 65 64 84 24 68 18 45 49 97 69 15 15 57 5 90 89 52 25 84 63 4 93 14 60 56 91 40 95
25 80 3 77 38 9 12 15 15 40 79 34 60 57 19 74 52 98 3-8 95 5 32 70 81 54 3 54 97 55 80 71 16 79 21 74 26 69 98 17 93 27 95
76 38 5 39 86 99 71 54 56-17 68 89 92 37 57 15 20 7 34 20 27 23 20 37 74 12 7 30 12 98 18 5 83
81 1 32 70 92 87 64 70 94 30 88 24 58 90 79 37 70 68 9 36 60 78 33 75 39 76 50 35 80 96 78 3 6 45 12 22 77 92 100 26 31 52 4 44 2 19 5 44 85 16 10 99 85 71 10 33 52 57 18 31 35 91 60 44 19 81 62 61 41 26 13 25 13 83 1 37 53 7 46 40 97 81 9 41 73-33 18 49 73 96 91 52 47 36 75 5 3 75 36 53 35 9 19 70 9 78 15 9 99 45 82 14 14 22 82 16 61 53 53 72 31 88 92 3 59 40 84 96 42 41 25 85 24 7 46 27 82 64 98 98 99 95 56 95 28 11 23 28 11 45 41 55 27
56 27 64 72 34 86 15 2 26 26 56 87 14 46 47 42 68 49 50 10 35 41 33 74 30 68 84 65 62 95 21 19 95 86 69 44 32 60 25 61 99 36 37 86 79 41 98-34 9 58 22 19 38 88 29 34 47 100 96 42 33 38 29 21 5 75 40 72 57 81 33 6 40 10 3 70 40 91 17 63 99 17 94 1 5 21 59 14 94 34 67 23 54 12 53 20 82 93 28 68 70 45 9 1 62 69 69 54 91 29
87 83 58 3 2 49 10 15 13 45 40 12 85 12 1 93 7 59 11 94 35 66 40 61 63 6 46 91 45 2 36 78 59 52 74 89 10 1 70 25 55 2 6 58 72 8 41 100 85 7 19 17 41 83 28 62 74 14 47 23 59 26 13 100 53 38 34 77 81 35 5 45 84-68 42 40 54 16 98 65 3 96 89 27 47 92 40 27 100 34 100 93 14 45 82 15 53 97 34 98 49 100 25 82 97 5 10 51 14 46 5 3 49 10 3 13 79 66 42 43 71 43 77 53 29 37 80 67 62 66 90 14 8 19 99 27 93 46 38 71 79 82 86 72 1 41
12 91 45 22 94 10 89 14 17 87 68 22 47 84 22 1 84 91 50 81 98 91 45 98 94 48 50 20 65 63 10 53 95 86 44 37 70 77 7 98 37 12 78 5 67 42 40 40 10 85 36 4 56 54 56 50 26 21 95 71 55 45 10 93 43 34 61 37 62 1 70 1-26 100 43 82 57 95 38 91 96 6 65 99 51 28 20 44 47 67 16 67 45 96 98 67 26 48 54 6 58 18 20 11 58 87 55 9 65 7 61 62 69 23 70 66 71 17 90 85 44 9 76 7 84 28 91 18 53 56 12 1 63 65 31 98 99 45 74 56 67
27 91 24 29 92 27 90 89 53 61 6 26 8 36 94 82-8 97 77 88 36 99 13 77 2 19 25 26 90 15 2 98
66 14 41 14 10 70 51 77 62 8 25 61 57 6 61 67 93 25 43 77 60 39 87 65 3 93 77 61 56 65 58 39 96 62 96 65 43 11 81 77 13 31 24 30 55 33 71 80 72 3 26 88 54 99 34 86 56 13 70 100 58 44 70 51 93 38 39 80 57 52 89 29 81 74 79 47 47 6 51 97 90 74 3 58 81 95 9 97 56 82 68 61 39 75 47-100 43 85 38
35 66 48 20 86 55 31 78 17 87 68 65 94 88 23 17 23 74 44 38 81 89 36 38-71 63 20 56 28 98 14 19 33 11 61 18 10 5 58 29 30
46 87 53 67 12 23 73 53 45 57 52 6 22 24 17 41 14 3 31 91 93 21 28 91 75 75-49 27 34 91 37 33 34 49 29 87 4 17 20 64 3 71 42 1 63 18 13 86 77 89 4 67 60 28 89 7 55 22 69 66 1 74 87 38 42 52 13 27 74 18 97 84 24 71 23 21 4 71 57 17 18 86 76 69 100 56 62 88 71 16 99 50 88 70 16 28 51 50 31 56 13 45 91 75 100 61 39 69 37 35 69 20 30 13 91 21 66 7 37 42 5
50 18 60 15 13 94 76 64 96 85 59 21 85 17 84 79 59 99 27 71 7 98 90 9 95 17 25 83 5 95 77 8 73 54 55 89 61 96 18 40 50 48-32 63 24 22 72 11 72 89 26 83 80 89
73 69 34 23 50 60 12 70 89 4 69 42 33 81 57 66 95 22 91 95 48 67 47 62 15 49 45 57 25 24 97 25 38 68 57 35 42 67 25 80 10 68 37 54 39 8 90 77 74 45 93 70 87 76 60 66 82 90 50 73 14 86 45 48 87 76 58 65 67 74 50 3 93 88 100 60 21 25 58 73 19 29 56 19 41 42 40 36 73 17 10 4 37 60 92 27 67 88 100 61-37 34 53 77 16 22 93 92 40 20 100 59 23 25 71 95 4 17 99 32 32 56 80 20 45 39 32 22 33 38 76 70 23 89 97 23 45 64 25 28 1 9 82 65 6 90 56 54 89 8 19 35 67 67 80 22 21 48 98 99 81 44 60 44 75 63 12 94 40 65
48 23 45 18 82 84 19 58 67 42 46 31 84 65 79 52 31 48 64 13 95 75 93 80 63 100 21 14 97 70 6 23 58 61 14 21 42 57 98 18 77 74 16 81 79 5 82 24 50 7 75 3 10 74 11 85 98 42 59 1 50 96 51 47 94 30 96 15 38 97 30 57 1 70 9 43 89 98 55 61 73 40 14 49 66 78 65 64 38 94 76 55 29 62 4 18 87 100 7-12 33 50 20 99 28 68 29 3 20 37 80 80 69 59 55 86 35 9 75 93 85 70 93 27 44 76
83 31 33 46 91 58 81 97 88 61 72 99 28 36 94 37 95 76 85 42 74 96 67 52 2 35 9 37 26 89 73 45 58 86 49 17 49 9 3 80 84 73 72 100 61 94 22 12 70 72 63 91 65 42 46 45 75 94 54 98 34 29 59 14 89 81 99 62 58 29 40 19 10 57 90 20 98 98 85 26 66 25 40 9 63 86 38 54 95 11 66 54 38 29-48 25 97 29 94 42 15 52 72 30 15 73 97 47 35 64 28 2 40 86 40 100 88 13 33 3 79 88 89 29 44 84 44 13 28 34 93 88 84 37 80 67 8 42 87 22
79 23 9-93 19 91 37 12 50 75 13 81 95 27 17 54 93 64 89 17 36 55 98 76 95 3 15 92 62 43 19 94 3 66 2 34 86 1 5 30 73 65 10 30 95
30 28 41 27 88 79 3 5 55 25 76 25 1 58 55 79 87 73 4 21 60 63 13 42 85 91 10 85 61 81 44 45 64 40 16 66 86 53 36 96 52 89 62 2 87 7 87 94 23 72 20 87 61 13 89 84 48 84 71 82 52 89 41 77 21 26 97 49 5 5 28 14 41 35 79 55 38 80 57 29 78 13 27 55 70 16 76 100 22 100 47 79 9-16 69 86 72 34 28 15 26 15 35 51 79 24 85 91 24 87 99 51 53 54 22 51 58 66 26 23 49 2 89 53 28 70 5 91 38 84 25 12 47 63 6 34 81 29 40 53 45 48 86 40 10 33 1 33 82 86 46 40 5 27 19 50 1 93 33 65 60 69 5 11 39 94 66 85 32 20 76 3 82 38 15 41 90 8 32 72
67 1 100 48 69 99 7 16 26 2 2 91 37 88 31 10 74 3 31 63 36 15 50 7 35 3 99 8 82 7 90-28 40 71 11 76 12 53 45
27 32 94 88 94 50 37 25 37 83 8 47 19 80 80 86 68 40 95 100 52 21 54 66 92 86 57 53 44 75 33 51 29 75 36 37 90 38 34 69 85 51 18 29 43 80 7 35 46 3 44 71 53 65 83 74 64 6 92 76 97 21 40 47 18 57 30 68 91 98 65 17 35 38 75 23 94 19 11 71 76 13 10 8 76 55 60 41 72 5 47 9 31 72 40 77 31 64 10 55-65 12 45 88 26 45 92 84 34 50 3 45 84 42 23 81 56 49 6 79 55 36 21 30 13 63 80 39 50 19 29 35 64 80 46 50 1 34 35 17 75 27 93 82 85 7 69 44 44 15 35 82 27 76 81 82 31 24 71 92 82 86 46 51 63
26 21 27 47 62 95 88 64 82 43 37 36 72 98 99 79 52 57 63 14 51 54 39 82 43 74 1 90 32 21 98 44 26 92-31 29 14 100 88 61 49 8 76 43 52 53 90 26 13 92 97 10 100 84 24 21 48 18 2 58 66 96 39 93 41 32 41 60 81 40 18 26 20 91 26 34 63 93 29 3 88 5 80 68 29 92 78 21 93 43 61 31 58 80 67 15 37 20 82 11 19 61 86 22 60 38 59 61 90 25 2 96 67 69 73 61 74
20 2 3 48 28 66 18 13 31 56 15 86 90 55 87 100 16 86 56 86 96 78 36 99 60 2 86 42 97 85 82 57 29 60 14 72 100 95 91 92-66 13 77 7 68 87 13 24 52 27 70 14 30 1 34 17 71 8 2 99 21 60 78 10 23 34 37 47 75 60 46 89 93 28 35 40 49 47 1 17 26 78 90 80 21 10 53 10 95 37 1 43 95 79
10 30 95 90 50 54 77 75 55 82 19 75 5 53 98 46 4 80 73 81 78 58 48 26 98 31 68 98 74 98 97 56 71 28 58 47 37 15 57 60 52 70 76 24 70 66 90 11 54 97 62 96 3 5 74 100 42 80 40 35 77 46 19 79 94 70 46 90 36 49 83 19 38 15 11 16 53 63 82 59 71 58 28 84 41 35 34-78 94 93 66 62 84 30 63 13 18 37 49 79 86 29 42 95 49 28 97 27 18 53 90 62 55 1 31 7 47 49 81 68 17 92 69 97 97 41 91 79 75 32 8 77 56 83 34 9 10 40 76 98 10 40 70 55 97 30 66 78 22 6 35 42 78 9 66 60 96 97 79 4 67 92 7 89 11 65 3 50 20 70 86 86 65 41 21
9 85 51 5 2 84 29 94 26 38 51 68 88 100 16 63 83 62 78 72 100 30 17 43 51 24 92 27 100 71 35 99 57 51 54 30 45 38 79 17 75 35 13 33 5 52 98 9 8 95 55 75 44 14 16 13 30 58 53 10 92 99 58 2 53 24 98 10 69 50 1 52 86 27 68 37 70 52 79 22 88-59 97 47 46 52 32 100 12 94 73 1 22 21 80 16 98 71 89 70 58 86 78 37 5 64 35 25
92 24 29 54 25 53 67 13 2 41 59 70 9 96 29 22 45 60 21 89 47 45-83 40 16 4 12 99 48 65 72 46 43 25 23 20 97 50 85 59 67 54 9 28 4 79 50 90 63 34 86 86 10 90 33 5 3 86 16 49
59 37 51-74 95 72 72 2 90 49 37 50
41 72 50 63 69 66 39 1 98 64 55 76 64 31 96 80 30 49 79 46 37 26 56 94 95 33 10 65 76 71 45 37 33 83 25 30 12 34 24 91 94 50 26 45 49 18 99 41 85 27 28 72 75 66 47 32 75 8 56 58 24 77 32 87 76 98 85 27 35 28 10 75-23 3 62 75 72 87 7 55 7 37 71 88 19 77 11 62 60 44 4 43 5 81 9 7
36 47 24 25 34 100 31 41 74 28 72 30 40 76 65 43 25 24 67 4 52 71 52 92 87 61 25 84 56 1 11 66 73 60 59 67 85 17 92 28 86 54 49 89 90 7 2 17 4 89 18 51 43 72 31 87 19 76 90 17 85 11 14 61 22 15 4 8 81 85 28 66 18 75 58 4 48 95 29 41 66 11 8 49 88 39 88-82 83 34 79 36 86 26 48 91 58 91 60 64 21 90 27 62 42 99 7 96 85 44 5 33 87 51 96
98 26 62 69 34 60 17 53 81 87 25 84 100 56 3 66 44 45-45 9 22 73 7 22 89 6 2 93 28 99 75 3 67 80 92 59 60 67 92 74 70 50 54 91 56
16 40 17 35 45 31 85 50 75 67 75 88 42 39 93 57 54 31 87 43 50 38 24 46 90 43 47 65 98 1 3 77 27 31 36 96 83 6 60 71 35 52 65 19 58 30 84 21 44 27 79 39 72 73 64 14 100-56 98 20 35 41 33 51 88 68 52 13 92 26 15 28 63 42 60 45 73 55 19 32 17 77 19 27 19 12 93 4 63 71 36 3 100 32 76 20 50 46 6 95 47 51 33 85 42 68 76 85 3 23 8 6 47 52 59 33 61 60 2 23 73 77 69 40 47 10 66 84 39 8 61 96 91 76 32 68 95 30 93 26 21 26 72 7 28 76 18 50 16 71 98 77 49 91 65
51 86 66 77 36 96 57 6 54 18 7 14 70 1 31 30 92 58 3 39 29 10 27 77 36 24 1 16 36 35 55 99 30 70 57 4 40 44 29 84 10 60 99 45 27 63 33 34 71 51 79 18 31 11 73 25 56 44 34 36 61 22 91 77 24 40 20 64 45 59 94 25 42 9 29 19 65 69 65 11 97 41 42 48-45 62 85 36 75 4 15 8 73 19 22 61 11 3 75 96 30 18 57 82 1 55 26 52 19 86 45 26 59 40 94 72 51 47 16 51 18 96 29 45 21 98 51 84 88 62 34 80 77 74 68 60 17 25 4 61 25 88 96 79 86 11 39 11 16 26 31 89 49 77 86 44 40 67 6 46 1 24 94 78 46 41 26 28 52 33 99 95 83 57 90 97 78
77 35 45 33 13 84 3 44 83 61 10 5 47 75 99 93 88 93 87 36 19 42 12 97 80 66 28 3-34 93 26
47 44 24 84 75 40 88 8 64 42 95 14 1 51 59 76 46 98 36 63 82 100 1 55 2 60 34 2 4 43 41 95 65 9 61 76 56 10 30 70 65 83 50 18 95 37 2 61 79 58 14 32 57 36 64 4 23 25 8 92 66 89 82 75 29 31 89 55 39 55 11 70 77 71 29 74 45 45 94 73-63 33 38 18 48 88 78 55 92 99 6 28 28 59 99 65 30 67 32 75 20 5 48 54 13 64 40 74 99 32 53 23 97 18 91 12 14 34 28 74 6 18 27 54 38 45 68 33 87 3 96 24 94 12 33 18 22 38 93 41 11 5 97 84 13 61 45 50 78 8 75 64 2 82 41 35 43 80 30
6 86 3 97 94 96 32 96 33 17 6 5 77 67 68 72 1 65 88 80 3 5 16 62 51-33 11 52 25 88 7 46 67 54 46
66 15 52 38 27 54 75-36 47 53 79 8 25 50 100 39 47 11 53 81 91 43 18 71 29 78 45 80 22 1 46 25 73 74 40 85 76 29 29 33 77 13 48 3 55 83 76 32 62 8
38 91 77 37 29 70 4 16 46 6 29 68 58 64 94 41 63 28 77 55 45 27 96 72 65 14 96 62 35 54 9 95 2 83 17 63 57 56 39 42 24 94 14 33 88 28 24 93 55 68 18 63 24 86 2 68 65 89 71 47 82 82 33 29 64 28 46 48 72 77 41 57 46 45 14 46 58 4-74 50 58 43 14 74 3 69 78 46 88 3 2 29 79 55 19 50 20 67 34 26 16 100 23 78 98 27 54 93 54 27 54 86 92 82 4 23 48 97 20 100 41 60 51 31 36 100 83 97 84 78 65 2 46 60 4 25 94 4 40 79 84 65 38 78 99 35 29 84 81 13 51 56 75 92 67 15 42 11 66 8 6 97 85 74 7 54 43 57 7 13 25 95 1
19 2 41 38 11 76 97 30 94-35 42 21 90 43 88 75 30 69 82 7 43 69 51 32 4 24 34 36 9 39 20 20 77 53 24 71 27 78 81 12 65 57 89 91 65 75 56 96 92 27 77 82 44 25 12 36 50 33
91 34 89 17 52 38 60 43 80 59 33 9 46 89 65 83 13 37 75 98 34 29 51 77 82 44 15 86 33 63 55 97 46 48 95 40 84 68 69 26 4 27 90 50 36 67 99 77 16 49 91 92 88 96 78 25 76 5 94 25 30 7 3 17 21 41 89 24 76 49 54 20 91 63-44 94 91 71 25 94 48 19 100 11
27 97 6 81 3 39 47 31 33 12 58 75 71 2 37 19 48 46 41 4 81 50 98 39 35 43 81 57 27 53 38 6 74 34 86 49 65 22 74 20 99 79 54 20 11 4 67 27 12 63 8 11 45 51 19 41 44 54 31 2 33 100 44 6 1 92 81 9 68 90 26 61 88 35 30 60 78 4 3 62 74 76 50 50 10 88 65 85 43-12 68 71 88 1 90 56 91 57 90 41 64 87 74 77 96 48 41 74 13 66 11 94 61 11 47 11 39 87 91 94 74 53 77 8 40 76 61 20 96 26 31 26 22 42 8 62 13 92 22 20 78 23 15 73 58 70 30 2 84 3 19 96 68 42 50 80 25 65 15 69 4 98 97 18
8 67 1 57 56 51 41 59 69 76 100 11 29 11 36 42 96 68 55 9 59 59 80 91 47 25 46 8 64 5 31 54 58 62 95 64 70 44 91 52 20 20 88 57 90 74 100 16 12 77 39 66 24 36 5 78 55 94 51 45 63 21 68 89 72 85 38 53 53 99 63 61 69 51 66 55 19-73 12 57 46 46 7 40
40 68 72 28 33 6 38 12 39 11 56 7 98 35 61 8 4 16 71 73 54 7 88 84 78 90 93 88 4 40 81 11 15 89 5 15 21 50 66 27 16 16 53 20 13 71 43 99 22 71 13 58 89 98 89 55 42 49 41 13 80 82 85 28 37 72 38 12 6 73 25 25 51 2 5 10 33 47 86 76 19 81 10 59 72 7 50 42 38 23 76 5 96 89 50 77 80 80 11 81-22 30 62 90 90 42 60 72 81 52 41 38 46 16 97 38 35 54 81 61 71 7 21 14 13 68 8 40 43 100
9 25 35 91 77 24 11 3 89 76 39 62 67 98 18-12 97 40 59 87 75 67 98 58 73 14 37 93 21 53 18 37 24 71 32 89 35 1 37 23 68 99 87 74 10 11 30 83
80 76 94 83 53-40 78 84 39 81 39 87 95 33 10 70 7 62 72 6 39 74 18 93 53 59 94 54 29 1 28 75 63 32 99 6 92 84 75 74 44 10 85 63 53 88 74 71 88 75 79 19 49 47 40 98 75 73 53 49 8
41 40 11 61 61 16 34 65 73 4 24 74 54 34 76 78 65 78-48 74 47 4 77 13 79 96 47 92 31 62 42 33 47 64 33 32 29 58 41 27 21 21 8 62 79 47 13 93 17 12 70 51 57 42 59 29 12 20 48 64 30 1 57 85 41 99 84 63 42 62 71 61 86 25 87 97 18 3 15 20 36 72 94 98 6 44 97 42 20 23 92 9 45 70 77 6 2 53 15 18 58 47 48 43 77 83 25 94 11 57 6 14 14 41
97 100 94 99 8 77 9 80 46 42 89 80 93 65 74 8 37 55 99 95 12 59 13 6 62 70 80 15 11 33 46 3 5 74 27 20 15 19 34 49 87 3 30 39 77 50 37 66 56 56 3 54 26 53 50 33 18 75 50 22 41 91 21 17 65 39 61 37 3 44 2 80 92 52 17 5 60 58 63 50 28 47 16 18-16 14 88 50 30 54 42 37 54 49 33 49 19 41 57 49 18 76 60 34 98 1 92 44
50 81 77 85 15 63 59 62 6 69 33 90 18 20 35 90 17 79 75 87 2 58 13 82 9 71 35 66-77 5 32 2 28 3 87 16 13 91 16 21 2 33 33 15 5 88 58 38 40 45 1 97 91 94 55
72 68 19 39 93 20 28 40 6 3 44 7 75 54 43 6 14 68 88-53 72 63 92 100 85 66 82 18 66 59 34 35 63 10 24 88 14 12 23 7 94 30 64 15 55 29 6 84 46
37 99 9 57 6 24 93 8 90 43 30 39 94 71 62 63 93 63 61 22 25 49 81 45 32-53 91 59 47 78 60 65 82 34 84 31 26 85 64 67 90 95 7 25 29 43 14 65 34 78 92
73 74 50 62 56 28 74 39 46 5 15 33 82 7 52 45 9 29 15 61 82 32 96 39 60 64 84 43 5 58 36 5 23 72 42 78 76 81 17 23 92 9 61 33 92 87 93 35 16 27 63 72 72 45 57 84 33 38 57 80 63 49 36 82 79 74 9 78 18 48 22 56 13 100 68-30 25
97 39 73 75 58 26 5 9 92 62 39 66 76 16 36 58 68 31 70 33 12 84 18 91 92 16 79 10 93 55 99-15 32 79 97 61 65 48 43 11 76 26 18 65 52 78 84 94 10 30
37 76 72 33 96 35 95 74 24 42 7 28 8 3 68 37 64 87 73 10 18 66 49 68 82 60 26 13 39 46 11 64 15 54 67 11 77 8 30 35 93 14 99 62 87 81 10 29 31 73 20 24 10 33 80 18 94 68 2 86 45 32 24 4 12 36 15 33 91 95 66 5 84 98 8 47 73 45 63 53 22 29 29 52 81 65 4 23 17 15 10 1 54 12-100 16 90 51 24 40 42 82 61 51 60 35 25 46 18 25 44 100 67 70 64 75 34 37 100 33 8 87 85 79 26 68 3 65 23 54 71 44 85 33 18 39 70 75 39 68 64 84
44 27 29 98 81 1 42 84 89 2 5 49 56 93 94 88 57 31 90 22 5 87 2 24 7 77 98 39 38 21 14 27 65 29 30 2 59 17 35 28 63 32 52 38 1 83 81 88 65 81 43 29 69 2 15 92 90 26 94 7 84 19 19 30 3 45 5 43 25-78 37 78 87 82 80 4 91 48 100 88 80 2 36 23 80 51 22 28 10 11 18 26 43 95 55 60 46 60 54 21 37 49 95 74 30 40 21 59 15 40 26 78 83 63 41 36 32 50 11 6 37 98 31 69 48 79 26 88 65 96 62 39 39 78 65 46 34 46 86 27 12 67 20 45 30 1 30 99 16 76 67 40 87 31 3 85 27 93 82 13
15 40 93 21 38 26 92 16 70 52 30 85 36 35 76 75 88 96 24 25 42 65 62 9 81 46 82 80 27 49 85 19 99 80 51 85 64 80 71 57 65 12 76 38 86 41 62 85 20 72 14 42 2 10 71-75 13
15 52 5 79 94 19 93 50 10 18 82 47 1 47 10 30 62 51 91 3 24 75 94 46 10 80 18 44 25 4 89 68 6 3 52 24 11 55 80 18 1 16 12 24 76 65 68 44 74 47 40 74 75 14 79 47 100 76 71 70 66 17 76 8 28 38 94 92 50 18 92 59 21 44 34 55 5 9 32 80 67 71 40 62 62 65-42 10 61 46 50 38 15 33 73 24 16 3 8 32 68 64 13 30 62 84 36 90 17 3 92 41 93 35 48 62 65 31 25 18 63 55 93 38 28 75 55 93 71 37 67 20 58 15 80 59 75 25 100 13 39 96 79 77 57 86 31 81 38 48 93 10 13 19 35 74 18 51 65 58 89 25 71 51 79 93 70 45 16 5 85 34 49 68 58 64 98
32 27 61 76 46 43 6 80 13 7 78 12 40 84 61 92 16 44 24 89 25 58 47 15 62 2 48 59 100 83 55 61 36 84 69 48 47 87 20 2 21 93 23 1 73 34 41 81 3 18 19 21 36 100 55 7 29 13 42 9 72 68 38 5 52 57 24 75 12 98 67 2 35 95 18 47 35 21 47 51 45 85 38 75 93 74 61 43 75 83 47 4-36 13 88 88 100 12 41 13 84 93 12 37 65 30 12 56 60 50 15 69 20 6 75 35 13 84 19 49 96 21 50 37 99 94 7 4 32 75 10 30 5 68 75 95 81 38 88
31 24 29 60 92 45 18 11 78 41 45 32 51 80 27 84 30 51 87 4 30 5 14 41 45 5 37 41 91 77 73 82 71 32 95 40 98 7 70 74 70 20 71 69 66 86 58 25 14 81 88 52 85 42 70 74 60 56 61 56 3 56 99 43 11 32 72 27 88 32 5 32 57 91 86 33 12 33 94 82 61 25 5 10 26 66 60 100 25 78 72 58 82 71 78 96 21 49-18 41 72 31 38 89 96 55 43 47 68 60 96 15 15 81 32 42 67 29 7 4
57 43 39 28 18 52 77 57 31 25 69 93 52 89 100 70 96 18 78 58 26 90 46 84 55 96 92 15 82 100 6 2 29 48 12 91 37 92 31 75 98 1 96 39 62 71 4 17 52 71 1 10 37 11 3 19 63 23 36 65 96 36-39 31 48 48 99 50 76 9 5 1 44 34 34 53 53 46 72 63 84 42 31 77 42 44 58 86 18 92 38 64 98 86 24 12 53 60 33 92 16 97 28 8 70 55 46 39 31 23 73 8 54 74 55 59 98 89 28 50 58 60 21 46
100 90 14 69 100 55 47 20 38 72 65 37 29 69-75 30 47 57 10 37 19 51 52 29 11 38 59 66 57 3 15 32 78 48 29
92 94 28 77 69 22 56 10 24 85 66 81 46 47 95 89 94 24 18 39 87 78 85 6 85 80 43 86 63 38 79 33 80 47 1 74 51 34 38 61 52 47 91 79 84 2 63 21 60 59 40 28 42 16 25 41 57 8 43 73 45 1 4-26 11 32 63 24 100 62 21 48 35 22 93 8
52 53 53 13 1 15 81 89 72 32 95 26 91 8 34 22 76 32 12 30 34 4 89 68 82 87 21 50 96 17 98 32-76 29 90 50 32 21 23 28 39 57 25 70 68 73 74 22 10 81 21 98 11 13 32 15 80 66 10 3 66 25 95 54 44 54 64 40 25 87 78 83 8 65 66 56 14 3 93 10 31 25 85 43 2
7 53 16 23 2 5 20 24 89 55 82 85 80 59 32 20 75 50 26 93 10 54 9 56 17 24 93 89 42 31 83 39 93 31 10 71 20 23 26 56 78 79 58 75 99 70 37 30 52 36 46 34 75 2 78 78 100 39 67 93 83 55 26 94 53 10 6 62 76 25 87 38 28 56 36-11 49 16 89 66 46 11 27 93 49 38 8 71 43 85 52 45 20 68 9 7 63 98 1 42 85 39 96 68 22 24 38 8 22 17 34 62 40 24 81 31 26 78 66 70 51 21 97 81 28 16 41 76 40 29
94 43 78 12 89 25 11 7 25 9 42 47 63 25 97 79 42 88 46 14 6 88 22 96 50 26 57 6 90 40 28 98 44 61 86 18 14 26 66 37 17 42 20 36 32 79 85 3 42 95 59 46 62 76 4 41 41 39 14 85 15 32 98 54 6 60 75 61 96 17 98 16 85 46 5 28 57 47 22 26 36 75 52 4 58 34-54 97 75 34 5 83 59 14 99 42 60 89 79 55 81 83 43 89 99 44 58 69 17 14 66 53 39 44 39 96 77 79 13 80 2 51 28 52 32 59 87 69 70 84 31 83 41 38 41 82 98 24 29 71 65 38 80 77 46 96 47 85 100 37 12 8 62 11 35 86 86 63 28 1 20 68 95 83 43 23 77 54 48 19 93 15 45 23 12 38
